-0.339345765011
0.0889231013676
0.163519550278
-0.0181518413908
0.186607368904
0.923948013531
2.57529124567
5.34749167064
8.57182229481
7.92270270458
3.92523291023
1.23214430254
0.0726365829242
0.0540998021926
0.797685992464
0.589147581467
-1.04247427744
0.165748941917
1.38588707679
-0.216919510741
0.0955948033904
-0.0403586150184
0.57927716924
-0.618983047611
-0.166263419483
1.00411239742
-0.388845696311
0.276618550936
-0.024475570983
0.314443915745
-0.96551034192
0.0118275720227
1.18061882474
-0.490435560988
-0.932690970705
0.243830237904
0.108866545695
-1.04459209808
-3.81508268048
-7.99778469937
-8.94447039314
-5.96205981184
-3.01075490734
-1.56794390139
-0.905345486109
-0.610859011106
-0.452314909871
-0.0360271430833
-0.424765558507