0.0382438359412
0.00735233477538
-0.00412183609604
0.124169289174
0.581199815182
1.14279432218
2.51643171848
4.91195230547
8.26466657804
8.38638493435
3.94132857775
1.02900695303
0.342814550524
-0.0268175854865
-0.0175399117962
0.0413500806671
0.206097974867
0.0507632729304
0.156270399334
-0.00502024320724
0.0486235575112
-0.21140177908
-0.0663984452233
-0.0788125877764
0.0230948245981
0.132441667848
0.113535591226
0.256964836837
-0.0855082204515
0.0579458760847
-0.135448900717
0.0458223716254
-0.159597868552
-0.0297329598356
0.113092112888
-0.0216655821488
-0.338146072484
-0.995912802583
-3.96042953711
-8.78174727954
-8.31794945154
-4.86096733038
-2.520854652
-1.14727690567
-0.573246367012
-0.123170235535
-0.0441817299453
0.000428394058067
-0.0328025260183