-0.00501278528459
-0.0164332213132
0.0415249893245
-0.0713645846069
-0.06491293036
0.14184230815
-0.0313095823927
0.121854991321
0.0544967055617
-0.0096130764449
0.00587305301215
-0.00819434387986
-0.0265197536065
-0.0391251956581
-0.0152753049508
0.0203341089172
-0.0347614501913
-0.0176964627312
-0.0302503360267
-0.043158239391
-0.0097499069888
-0.0106932371764
0.00471928512832
-0.0691965550883
-0.0050858796158
0.0803351184487
-0.018179054709
0.0122563188743
-0.00629804110552
0.03294377975
0.0274850027917
0.00346786126994
0.0466412051346
-0.0386768224617
-0.00887684010016
0.0269125228298
0.0222942603203
-0.00702543520787
-0.0129481918494
-0.0145342196418
-0.131984277281
-0.133836691465
-0.0241074973389
-0.0693370095665
0.0241428139773
0.0575709312272
-0.0582834826828
-0.00573308900795
-0.0251560526708