-0.0209716017642
-0.0364477470889
-0.0208467663063
-0.0118630275522
-0.00145245932877
0.0671799728949
0.283433304417
0.773062070462
1.63327704708
2.65264031972
3.38484390986
3.70357033054
3.78420591802
3.79203823912
3.84467868529
3.93038513701
3.90236950246
3.84818779021
3.94407904928
4.01632136022
4.00882348133
4.01223708322
4.04554230305
4.04308847585
3.9945601667
4.04633931621
4.08436285906
4.0774272104
4.09300967144
4.11092974376
4.07069377438
4.01175608509
4.08544939008
4.12810278388
4.04015342379
3.99758176253
4.01937845856
3.96155052708
3.66122214622
2.93118577645
1.88415273988
0.962927702244
0.408406867165
0.125442828961
-0.02740669925
-0.121108286796
-0.186812540026
-0.216992127088
-0.245469161517