status Javgctr z Fbare0 Fbare1 Javgbtm i Fshear1 Fshear2 Fp2 Fshear0 r Fbarevol2 Fp0 Fbarevol0 Fbarevol1 Fp1 Javgtop Fbare2
<type 'numpy.int64'> <type 'numpy.float64'> <type 'numpy.float64'> <type 'numpy.float64'> <type 'numpy.float64'> <type 'numpy.float64'> <type 'numpy.int64'> <type 'numpy.float64'> <type 'numpy.float64'> <type 'numpy.float64'> <type 'numpy.float64'> <type 'numpy.float64'> <type 'numpy.float64'> <type 'numpy.float64'> <type 'numpy.float64'> <type 'numpy.float64'> <type 'numpy.float64'> <type 'numpy.float64'> <type 'numpy.float64'>
121 121 121 121 121 121 121 121 121 121 121 121 121 121 121 121 121 121 121
1 -10.2954704416 -12.0 66.8104773097 0.0 -10.2969794417 0 0.0 -0.00577750088335 0.000263505379271 -0.003844233615 0.0 0.0351372857744 -9.66426122468 101.110698037 0.0 0.0 -10.2967054776 0.0422547345821
1 -5.05266646192 -11.8 66.8015655869 0.0 -5.05337920799 1 0.0 -0.00330239223116 0.00126267645641 -0.00306726684567 0.0 0.0252726499331 -9.66510923998 101.10491661 0.0 0.0 -5.05331243537 0.0291272860573
1 -1.4010106627 -11.6 66.7437325962 0.0 -1.40018219437 2 0.0 -0.00194824822267 0.00190313322805 -0.00252640027111 0.0 0.0207158618482 -9.66546716696 101.108394457 0.0 0.0 -1.40031050815 0.0141363154497
1 1.17321480577 -11.4 66.8177709031 0.0 1.17265784828 3 0.0 -0.00135196216517 0.00355003675529 -0.00205978834848 0.0 0.0201855067164 -9.66452175661 101.106808472 0.0 0.0 1.17253603666 0.0239691075267
1 2.94359312791 -11.2 66.8085872996 0.0 2.94215599451 4 0.0 -0.000892417675127 0.00517553256094 -0.00174922863564 0.0 0.0232740901582 -9.66189238487 101.102653387 0.0 0.0 2.94195255247 0.0264928273067
1 4.28553243694 -11.0 66.7759374949 0.0 4.28341566924 5 0.0 -0.000756247026577 0.00735466711756 -0.00148057296124 0.0 0.0301214761665 -9.6576233073 101.100629003 0.0 0.0 4.28309798115 0.0342913935406
1 5.12330910731 -10.8 66.7489059016 0.0 5.12397111372 6 0.0 -0.00095130562768 0.010569876609 -0.000942266476079 0.0 0.0423780578724 -9.65188953218 101.098067893 0.0 0.0 5.12404099022 0.0339481836873
1 5.75666048712 -10.6 66.7781703753 0.0 5.75740188263 7 0.0 -0.00110985987149 0.0156240442857 -0.000652621776066 0.0 0.0612517817236 -9.64210608485 101.092302562 0.0 0.0 5.75748969344 0.0531946422816
1 6.18603934834 -10.4 66.7560484514 0.0 6.18681669765 8 0.0 -0.00140184673832 0.0226426217628 -0.00042431473171 0.0 0.0893305133671 -9.62645504311 101.085284092 0.0 0.0 6.18691517974 0.0769293612761
1 6.44889182168 -10.2 66.7271042554 0.0 6.44970842432 9 0.0 -0.00186245329051 0.0328534976727 -5.67153163471e-05 0.0 0.131120211362 -9.60444551095 101.080226425 0.0 0.0 6.4498139997 0.111132574332
1 6.64619594304 -10.0 66.7157193522 0.0 6.64703069549 10 0.0 -0.00249593443052 0.0478396252327 0.000575726808337 0.0 0.192277423323 -9.57280441663 101.060353822 0.0 0.0 6.64714145859 0.16370018492
1 6.80658682865 -9.8 66.7301510817 0.0 6.80746083919 11 0.0 -0.00344895254844 0.0694327022972 0.00144582675667 0.0 0.280532556035 -9.52780165657 101.048308061 0.0 0.0 6.80757548945 0.246691689377
1 6.89147945414 -9.6 66.6747954179 0.0 6.89237019889 12 0.0 -0.00454086313884 0.099623786718 0.00238536222917 0.0 0.408831959623 -9.4621064346 101.022448145 0.0 0.0 6.89248304358 0.339286230203
1 6.99065649606 -9.4 66.6412272771 0.0 6.99156837435 13 0.0 -0.00628568788668 0.143530016197 0.00375011241833 0.0 0.594701464838 -9.366400523 100.974521322 0.0 0.0 6.99167702258 0.497169541129
1 7.03848408896 -9.2 66.6360329898 0.0 7.03939743382 14 0.0 -0.00859224493596 0.204776310015 0.00574027326037 0.0 0.862526530818 -9.23147094577 100.929128252 0.0 0.0 7.03949314317 0.726115572544
1 7.06043866489 -9.0 66.4784704633 0.0 7.06138193736 15 0.0 -0.0117453626848 0.289156878269 0.00828617893427 0.0 1.24628899848 -9.03722782645 100.846149762 0.0 0.0 7.06145897988 1.03104149815
1 7.07640981564 -8.8 66.3939395145 0.0 7.07737151182 16 0.0 -0.0165061637414 0.403357055925 0.011471748515 0.0 1.79232994885 -8.76343468715 100.752509322 0.0 0.0 7.07741812435 1.49378170581
1 7.10969549116 -8.6 66.2315598466 0.0 7.11066140766 17 0.0 -0.0237978615734 0.55118503376 0.0162442148114 0.0 2.5567623228 -8.38459194896 100.640425445 0.0 0.0 7.11066289531 2.13566267693
1 7.10982461597 -8.4 66.1311362576 0.0 7.11075387739 18 0.0 -0.0345109671115 0.730162372047 0.022148687203 0.0 3.59505438444 -7.87086303448 100.524059621 0.0 0.0 7.1106968296 3.00115707308
1 7.11737556641 -8.2 66.0809297166 0.0 7.11832132043 19 0.0 -0.0502865932736 0.923596899662 0.0284925256735 0.0 4.93042242147 -7.19747084902 100.4689717 0.0 0.0 7.1181917173 4.10496509762
1 7.12652290803 -8.0 66.2635996664 0.0 7.10420896336 20 0.0 -0.0718294217954 1.09526505724 0.0333545884115 0.0 6.49860178757 -6.35889369926 100.593920419 0.0 0.0 7.12721581505 5.42361501591
1 7.12060327174 -7.8 66.784507488 0.0 7.07516656103 21 0.0 -0.0973078596311 1.19218302697 0.0335809988482 0.0 8.06351653715 -5.38720998914 101.04583532 0.0 0.0 7.12114968251 6.73262435315
1 7.13159418095 -7.6 67.7193254133 0.0 7.09431886164 22 0.0 -0.121802106246 1.16705864134 0.0275077494216 0.0 9.20789249254 -4.35779820594 101.894278091 0.0 0.0 7.1319996115 7.69313115247
1 7.1564308909 -7.4 68.9884284328 0.0 7.1176608976 23 0.0 -0.140130756203 1.01369211243 0.0173635481032 0.0 9.53439257255 -3.37110741576 102.989102062 0.0 0.0 7.15450798083 7.96963885061
1 7.13718169043 -7.2 70.216999853 0.0 7.09051090296 24 0.0 -0.149335960691 0.775835152052 0.00792626754297 0.0 8.92366361391 -2.51481095973 104.029571842 0.0 0.0 7.13544252905 7.45725829088
1 7.13560959551 -7.0 71.0628476981 0.0 7.09057739764 25 0.0 -0.153179890219 0.519120087535 0.00226958084538 0.0 7.60551040057 -1.84713272833 104.765057166 0.0 0.0 7.13392156828 6.3600194651
1 7.16719789795 -6.8 71.5085565769 0.0 7.16411428645 26 0.0 -0.155045131531 0.296737149753 0.000143435322446 0.0 5.98518875972 -1.37249685417 105.139125466 0.0 0.0 7.16554535458 5.00428493674
1 7.15726337686 -6.6 71.642330122 0.0 7.15413443456 27 0.0 -0.155431103436 0.132923484309 -0.000480523091973 0.0 4.43141432269 -1.05312475734 105.250341184 0.0 0.0 7.15563811845 3.6985573153
1 7.13502291433 -6.4 71.6277785565 0.0 7.13184898985 28 0.0 -0.155235691849 0.0233602678312 -0.000548615625999 0.0 3.1279870464 -0.845868554057 105.230818194 0.0 0.0 7.13340928059 2.61469119848
1 7.13511842128 -6.2 71.5829053704 0.0 7.13187102123 29 0.0 -0.155393150203 -0.0467588880977 -0.000393511017382 0.0 2.1251187666 -0.71266040125 105.16721053 0.0 0.0 7.13348326616 1.76214415302
1 7.13457633486 -6.0 71.4935642141 0.0 7.13139840793 30 0.0 -0.155542928824 -0.0902589497472 -0.000239153328842 0.0 1.39663463659 -0.625904906592 105.101152121 0.0 0.0 7.13298385892 1.16744409714
1 7.1345904248 -5.8 71.4540517036 0.0 7.13138270885 31 0.0 -0.155708167399 -0.11739518153 -0.000122737572983 0.0 0.883585419071 -0.566799225979 105.047238422 0.0 0.0 7.13298902487 0.7298948201
1 7.13550343251 -5.6 71.3712230835 0.0 7.13229389993 32 0.0 -0.155815152904 -0.134447500851 -0.000103092821215 0.0 0.528170785829 -0.525381304057 105.011614383 0.0 0.0 7.13390313537 0.44084705596
1 7.13549501157 -5.4 71.3727867926 0.0 7.13235676483 33 0.0 -0.155871860945 -0.145423223463 -3.59974441451e-05 0.0 0.283222465695 -0.493926966694 104.985719556 0.0 0.0 7.13392788183 0.231657350793
1 7.13343137501 -5.2 71.3423492274 0.0 7.13048249317 34 0.0 -0.15597857965 -0.152605773244 -3.36042512101e-05 0.0 0.114768634752 -0.469735247124 104.973720975 0.0 0.0 7.13195558843 0.0910376548192
1 7.13340728454 -5.0 71.3617591772 0.0 7.13046500298 35 0.0 -0.156040332414 -0.157307072869 3.38191945856e-05 0.0 -0.00207837995572 -0.450052675906 104.963403955 0.0 0.0 7.13193352071 -0.0140116770913
1 7.13184145774 -4.8 71.3260579521 0.0 7.1289357127 36 0.0 -0.156013782558 -0.160355760147 -1.69590537867e-05 0.0 -0.0832069208194 -0.432866810054 104.95644381 0.0 0.0 7.13038574482 -0.0650500697999
1 7.13378120721 -4.6 71.3485378074 0.0 7.13079373347 37 0.0 -0.155946823199 -0.162501172173 3.56217558126e-05 0.0 -0.140405066455 -0.417994933859 104.95497716 0.0 0.0 7.13228703433 -0.119382120408
1 7.13329760251 -4.4 71.3397732242 0.0 7.13040350279 38 0.0 -0.155972019363 -0.164048421675 6.9550569898e-05 0.0 -0.180181169683 -0.405097883137 104.952183406 0.0 0.0 7.13185072322 -0.144323367596
1 7.13356354334 -4.2 71.3333230269 0.0 7.13064200204 39 0.0 -0.155971402623 -0.165076321416 8.116039339e-05 0.0 -0.209127313555 -0.39209236118 104.95341523 0.0 0.0 7.13210311998 -0.179175789515
1 7.13228179547 -4.0 71.3377193631 0.0 7.12942323396 40 0.0 -0.155899487678 -0.16581356738 5.60880554246e-05 0.0 -0.229169194758 -0.380359368768 104.952561076 0.0 0.0 7.13085272368 -0.191300820918
1 7.13309540273 -3.8 71.3139608009 0.0 7.13026784205 41 0.0 -0.156063102295 -0.166448711722 0.00011822052152 0.0 -0.243610764646 -0.369205419003 104.954245116 0.0 0.0 7.13168999837 -0.204682198846
1 7.13230014486 -3.6 71.3351188291 0.0 7.12938803304 42 0.0 -0.156111375439 -0.166818820436 6.67529840574e-05 0.0 -0.253916272159 -0.358273340712 104.955601078 0.0 0.0 7.13085293451 -0.206997877766
1 7.13375599468 -3.4 71.3422506939 0.0 7.13083077652 43 0.0 -0.156117660924 -0.16704889019 4.60245173633e-05 0.0 -0.261789046766 -0.347517650835 104.955029696 0.0 0.0 7.13229973565 -0.21533001108
1 7.13319193473 -3.2 71.3338842751 0.0 7.13031920358 44 0.0 -0.156254271071 -0.16737651569 8.74378829508e-05 0.0 -0.26751125606 -0.337136889607 104.957363475 0.0 0.0 7.13176492605 -0.211984090592
1 7.13119311825 -3.0 71.3277197876 0.0 7.12835031965 45 0.0 -0.156180636085 -0.16745073779 5.76678448851e-05 0.0 -0.272175128322 -0.326780799328 104.959220263 0.0 0.0 7.12978544547 -0.220351691859
1 7.13246242419 -2.8 71.3548643209 0.0 7.12970612038 46 0.0 -0.156227524582 -0.167640912545 0.000101617290922 0.0 -0.275825448491 -0.316632451437 104.95955669 0.0 0.0 7.1311058091 -0.22523563439
1 7.13181529587 -2.6 71.3603553699 0.0 7.12906910886 47 0.0 -0.15624147094 -0.167798612922 8.12843927286e-05 0.0 -0.279246670035 -0.306583684273 104.959929798 0.0 0.0 7.13048257105 -0.237960219528
1 7.13292758426 -2.4 71.3587464964 0.0 7.13034716687 48 0.0 -0.15632409385 -0.167962499382 3.15249637751e-05 0.0 -0.282583314499 -0.29658729204 104.962864131 0.0 0.0 7.13170104137 -0.22270366348
1 7.13138085496 -2.2 71.3225555637 0.0 7.1290296359 49 0.0 -0.156273647545 -0.168171592603 -1.64690080694e-05 0.0 -0.287163153356 -0.286638983641 104.963096142 0.0 0.0 7.13031244355 -0.253782276999
1 7.1311913958 -2.0 71.3336590702 0.0 7.12910603296 50 0.0 -0.156342654778 -0.168402293337 8.5517038068e-05 0.0 -0.292414902362 -0.276398584179 104.96328579 0.0 0.0 7.13032584767 -0.251472982057
1 7.12996756777 -1.8 71.3493858952 0.0 7.12824500536 51 0.0 -0.156292161414 -0.168564330249 6.85963858189e-05 0.0 -0.297999544822 -0.266495724461 104.964610395 0.0 0.0 7.12939204672 -0.261659885905
1 7.0222239456 -1.6 71.3383023065 0.0 7.07863042354 52 0.0 -0.156400840854 -0.169200465077 0.000455309635878 0.0 -0.299850010331 -0.2559597036 104.960723948 0.0 0.0 7.12902215443 -0.255135996674
1 7.07235014477 -1.4 71.3383752297 0.0 7.06464133673 53 0.0 -0.156480890193 -0.170049060915 0.000295943350515 0.0 -0.305672676083 -0.246865155456 104.959129625 0.0 0.0 7.13092996921 -0.251924936782
1 6.99933689583 -1.2 71.3589399212 0.0 7.08914251277 54 0.0 -0.156308832592 -0.170532522944 0.000174993907176 0.0 -0.312769661137 -0.238671584014 104.957648487 0.0 0.0 7.1284078908 -0.258975091505
1 6.98929218411 -1.0 71.3574073587 0.0 7.08884464176 55 0.0 -0.156464246607 -0.170965159532 -3.23233839618e-05 0.0 -0.320292737153 -0.230817039086 104.955348106 0.0 0.0 7.12939407279 -0.267331168985
1 7.00867713424 -0.8 71.336589624 0.0 7.10255570279 56 0.0 -0.156416404409 -0.170678363537 -0.000118148117893 0.0 -0.331170436645 -0.222774558176 104.953895981 0.0 0.0 7.12864397559 -0.273029602587
1 7.05380960259 -0.6 71.3258539414 0.0 7.0737548276 57 0.0 -0.156483027899 -0.170596655599 -0.000276876956403 0.0 -0.338774642761 -0.214612609571 104.947551872 0.0 0.0 7.1297193157 -0.278039289007
1 7.12742168123 -0.4 71.3150666762 0.0 7.12981251611 58 0.0 -0.156442558078 -0.170387972943 7.6917114098e-05 0.0 -0.349296505594 -0.204851234977 104.945382906 0.0 0.0 7.12984449561 -0.277196331076
1 7.1261928326 -0.2 71.3215796677 0.0 7.12888409894 59 0.0 -0.156287798344 -0.170529445901 6.62282543769e-05 0.0 -0.353657623667 -0.196224472456 104.938473027 0.0 0.0 7.12878767135 -0.292733877358
1 7.12858605962 -9.15933995316e-15 71.3082971974 0.0 7.13156940377 60 0.0 -0.156615361293 -0.17084518859 5.49434399497e-05 0.0 -0.357232822095 -0.187686409493 104.933083832 0.0 0.0 7.13134825242 -0.294786551289
1 7.12634223511 0.2 71.3006528956 0.0 7.12929156814 61 0.0 -0.156459460389 -0.170911044993 7.85668178209e-05 0.0 -0.359554531464 -0.179392305157 104.930841742 0.0 0.0 7.1289512175 -0.306796014623
1 7.12717430271 0.4 71.3295556423 0.0 7.13006587815 62 0.0 -0.156506361497 -0.170909633651 9.96150994532e-05 0.0 -0.360494830644 -0.170864014876 104.929299513 0.0 0.0 7.12957538702 -0.311977141314
1 7.00857312992 0.6 71.3224118062 0.0 7.1316404673 63 0.0 -0.156538595543 -0.171323996655 0.000385650882176 0.0 -0.356226473841 -0.160053341615 104.921885183 0.0 0.0 7.09779088983 -0.297886424031
1 6.99745941231 0.8 71.2931899393 0.0 7.13198213183 64 0.0 -0.156706320796 -0.171767302986 0.000240408513648 0.0 -0.354027604181 -0.152099296588 104.920984893 0.0 0.0 7.10991893384 -0.2991215451
1 6.96277673192 1.0 71.2874791954 0.0 7.12897591656 65 0.0 -0.156590555317 -0.172213575854 0.000134998406911 0.0 -0.349516193019 -0.14359989389 104.917251758 0.0 0.0 7.09792590771 -0.287906821343
1 6.98828777026 1.2 71.2827865518 0.0 7.13053119608 66 0.0 -0.156666886778 -0.171997829308 -3.47007425744e-06 0.0 -0.347976367265 -0.134858554822 104.915490347 0.0 0.0 7.10543961914 -0.29031273596
1 7.04654872288 1.4 71.2839675218 0.0 7.13042811796 67 0.0 -0.15671379561 -0.171785957126 -0.000188753876921 0.0 -0.344216511985 -0.12715938456 104.912217895 0.0 0.0 7.07458146205 -0.289821140253
1 7.00137202422 1.6 71.2668156345 0.0 7.13205039625 68 0.0 -0.156666665342 -0.170968514511 -0.000253303517542 0.0 -0.341765648785 -0.118415301777 104.911730962 0.0 0.0 7.09138164567 -0.288270226357
1 7.13019653658 1.8 71.2743497767 0.0 7.13015365401 69 0.0 -0.15668992259 -0.170338456831 3.12563161127e-05 0.0 -0.341155064301 -0.107867399983 104.906839344 0.0 0.0 7.12837071669 -0.269653727327
1 7.13270025486 2.0 71.2911140441 0.0 7.1323027886 70 0.0 -0.156785211008 -0.17026695395 7.41078955158e-05 0.0 -0.33522520578 -0.0988089520426 104.907029745 0.0 0.0 7.13036158514 -0.27802493768
1 7.13162402651 2.2 71.2585485407 0.0 7.13097720857 71 0.0 -0.156697898086 -0.169948495659 4.59717172983e-05 0.0 -0.329231924919 -0.0890148089864 104.906396863 0.0 0.0 7.12894993803 -0.256962185513
1 7.13159562447 2.4 71.2826698475 0.0 7.13079461538 72 0.0 -0.156779245664 -0.169903511312 8.51896061505e-05 0.0 -0.324371096876 -0.0797118466798 104.904899377 0.0 0.0 7.12874749262 -0.287265891274
1 7.13294073576 2.6 71.2782287903 0.0 7.13203343867 73 0.0 -0.156829289944 -0.16983093747 3.8872371452e-05 0.0 -0.319796356765 -0.0706616438392 104.906979935 0.0 0.0 7.12995645008 -0.263781768395
1 7.13221578413 2.8 71.2830821553 0.0 7.13119690715 74 0.0 -0.156793007546 -0.169693147029 9.08354000348e-05 0.0 -0.31687272385 -0.0602890173789 104.905026166 0.0 0.0 7.12902262469 -0.272768481153
1 7.13418951512 3.0 71.2470659679 0.0 7.13313341284 75 0.0 -0.156913434826 -0.169767948635 3.85789817759e-05 0.0 -0.315255179808 -0.0514630215155 104.905595222 0.0 0.0 7.1309690307 -0.259742569838
1 7.13408203707 3.2 71.2818605081 0.0 7.13298364977 76 0.0 -0.156862222018 -0.169685632261 8.1138914567e-05 0.0 -0.316307662689 -0.0414601128301 104.907066487 0.0 0.0 7.13079002851 -0.272133166236
1 7.13168939706 3.4 71.2763674213 0.0 7.13054981634 77 0.0 -0.156764500727 -0.169695762658 4.50175335483e-05 0.0 -0.318853950479 -0.0317718419091 104.909522267 0.0 0.0 7.12831245655 -0.269436681084
1 7.13440527682 3.6 71.282016924 0.0 7.13324497057 78 0.0 -0.156850133522 -0.169966089092 5.95709320932e-05 0.0 -0.324710948741 -0.0224157782145 104.908972422 0.0 0.0 7.13099481923 -0.277717210852
1 7.13373762812 3.8 71.2661367325 0.0 7.13254076921 79 0.0 -0.156812011218 -0.170225950368 2.76864045908e-05 0.0 -0.334088476161 -0.0135083308707 104.911894842 0.0 0.0 7.13023636497 -0.271549088152
1 7.13428157853 4.0 71.2896587942 0.0 7.13307476468 80 0.0 -0.15685842004 -0.170775288904 8.41240422148e-05 0.0 -0.348149968581 -0.00393102993642 104.914379022 0.0 0.0 7.13076164397 -0.296515561419
1 7.134143303 4.2 71.2866267997 0.0 7.13293740042 81 0.0 -0.156931693726 -0.171598056672 6.38137215232e-05 0.0 -0.368766354521 0.0046502298576 104.916231909 0.0 0.0 7.13063644792 -0.300544727919
1 7.13381423941 4.4 71.3005871911 0.0 7.13265355404 82 0.0 -0.156983486266 -0.172743650353 8.08160262309e-05 0.0 -0.399206413853 0.0117877312538 104.919539374 0.0 0.0 7.13043429548 -0.338482244797
1 7.13207943607 4.6 71.3098413599 0.0 7.13094207615 83 0.0 -0.156945227701 -0.174269751262 5.48334314016e-05 0.0 -0.441486418692 0.0191409658296 104.92270205 0.0 0.0 7.12876583961 -0.361915260516
1 7.13156589003 4.8 71.2949388967 0.0 7.13046974755 84 0.0 -0.156917177618 -0.17657794609 3.20354041016e-05 0.0 -0.502402303692 0.024603862154 104.929663319 0.0 0.0 7.12836636395 -0.420525109201
1 7.13078880076 5.0 71.3277022257 0.0 7.12972221579 85 0.0 -0.156881545252 -0.179789989756 2.26575085921e-05 0.0 -0.589081523456 0.0285484137244 104.936444688 0.0 0.0 7.12766968431 -0.486632460849
1 7.13124085887 5.2 71.3361582872 0.0 7.13017600438 86 0.0 -0.15680646436 -0.184729635802 -3.37830689036e-05 0.0 -0.714062267219 0.0298420078752 104.949135512 0.0 0.0 7.12812149051 -0.592341779932
1 7.13160477787 5.4 71.3600028588 0.0 7.13057773525 87 0.0 -0.156871602737 -0.192116127739 -4.90449033309e-05 0.0 -0.894386688585 0.0277064898028 104.968879028 0.0 0.0 7.12858988416 -0.740495163105
1 7.13216136125 5.6 71.3806924267 0.0 7.13114000122 88 0.0 -0.156825190293 -0.203156703091 -1.99908163148e-05 0.0 -1.15535667552 0.0193568752829 104.99602848 0.0 0.0 7.12916096596 -0.96341904168
1 7.13051938763 5.8 71.4367029001 0.0 7.12947548512 89 0.0 -0.156556551027 -0.220456588046 -2.67966412894e-05 0.0 -1.53314828597 0.00144046834084 105.037888831 0.0 0.0 7.12745072552 -1.27534792201
1 7.13114248006 6.0 71.5166875912 0.0 7.13010730927 90 0.0 -0.156450806869 -0.248045674199 1.08154296671e-05 0.0 -2.07690562101 -0.0316975765196 105.094520055 0.0 0.0 7.12810122068 -1.73659193702
1 7.13160361374 6.2 71.588443339 0.0 7.13056781558 91 0.0 -0.156257028589 -0.292191021833 -8.20458672268e-06 0.0 -2.84624190235 -0.0908793301398 105.16473089 0.0 0.0 7.12856899537 -2.35995879565
1 7.13069200217 6.4 71.6456373072 0.0 7.12963233789 92 0.0 -0.155960626196 -0.363598366108 1.26351108432e-05 0.0 -3.90109918608 -0.194352903678 105.238036221 0.0 0.0 7.12760965101 -3.26853906365
1 7.13213763722 6.6 71.6823530371 0.0 7.13106853432 93 0.0 -0.155778652217 -0.476330803499 -8.11000048523e-05 0.0 -5.26724530577 -0.369623969709 105.256982062 0.0 0.0 7.12907038311 -4.39763330496
1 7.13365623681 6.8 71.510664119 0.0 7.13255020948 94 0.0 -0.155361054771 -0.644864083286 -0.000840699533601 0.0 -6.88398246391 -0.660925955411 105.138497714 0.0 0.0 7.13056099185 -5.75270839194
1 7.13257775001 7.0 71.0673075832 0.0 7.13142423176 95 0.0 -0.154089958203 -0.872982980402 -0.00310642921688 0.0 -8.52866685416 -1.12647746556 104.742378922 0.0 0.0 7.08687931833 -7.12851845425
1 7.13476277594 7.2 70.1931871102 0.0 7.13354584589 96 0.0 -0.150333851824 -1.13426670089 -0.00899415323915 0.0 -9.83586330051 -1.81986220241 103.984560639 0.0 0.0 7.08740287945 -8.20890113967
1 7.13642489348 7.4 68.9193805724 0.0 7.13506272599 97 0.0 -0.140702903343 -1.36173558332 -0.0188066566502 0.0 -10.3724397006 -2.75875978126 102.917215561 0.0 0.0 7.09579276646 -8.66919636962
1 7.1409681502 7.6 67.6256853772 0.0 7.13933623509 98 0.0 -0.122727739508 -1.47402674464 -0.0294170083584 0.0 -9.90678263043 -3.88176160128 101.80636616 0.0 0.0 7.09962029745 -8.28161184447
1 7.10918347596 7.8 66.7078582578 0.0 7.109599056 99 0.0 -0.0976392297706 -1.43327586342 -0.0357318450833 0.0 -8.60007174796 -5.05617232832 100.960956305 0.0 0.0 7.06368474547 -7.17871684728
1 7.10722491605 8.0 66.1901065855 0.0 7.1077398091 100 0.0 -0.0719921966591 -1.2686422314 -0.0358127946355 0.0 -6.90029347304 -6.14085400348 100.52661514 0.0 0.0 7.08446164739 -5.75376470369
1 7.10563137915 8.2 66.004915161 0.0 7.10627761587 101 0.0 -0.0504818120524 -1.04196740281 -0.0312974582168 0.0 -5.22452080611 -7.05334638237 100.415697484 0.0 0.0 7.10662020859 -4.35936144301
1 7.10455633917 8.4 66.0765303045 0.0 7.10527954023 102 0.0 -0.0347588072127 -0.810417281655 -0.0252205141542 0.0 -3.80805279105 -7.77260440838 100.478285198 0.0 0.0 7.10557518753 -3.18533423732
1 7.10372006104 8.6 66.2237425169 0.0 7.10447500772 103 0.0 -0.023993496735 -0.606715776789 -0.019454859013 0.0 -2.71410751394 -8.31464847906 100.604474387 0.0 0.0 7.10471653756 -2.27138076243
1 7.10150135499 8.8 66.3508187177 0.0 7.10233708788 104 0.0 -0.01698994561 -0.442759800923 -0.0150038430423 0.0 -1.91038244281 -8.71122006511 100.725908144 0.0 0.0 7.10255626239 -1.59846674482
1 7.10230913958 9.0 66.4617770608 0.0 7.10316795152 105 0.0 -0.0123427559215 -0.317528720787 -0.0114032173353 0.0 -1.33674900928 -8.99712597384 100.835252913 0.0 0.0 7.10335981644 -1.10114932245
1 7.1006178842 9.2 66.5871491724 0.0 7.10150609077 106 0.0 -0.00906472588131 -0.225851063509 -0.00893935269033 0.0 -0.932871925902 -9.19898463005 100.908497835 0.0 0.0 7.10168273277 -0.784367448794
1 7.10338925433 9.4 66.6281418102 0.0 7.10425675001 107 0.0 -0.00693982531013 -0.159355419905 -0.00744619893554 0.0 -0.65078645917 -9.33995270159 100.970341619 0.0 0.0 7.10441502599 -0.540889092919
1 7.09981092568 9.6 66.6282957753 0.0 7.10070662165 108 0.0 -0.00549730128104 -0.112029130962 -0.00604449553044 0.0 -0.453638645102 -9.44032152351 101.011595371 0.0 0.0 7.10085940852 -0.381161408047
1 7.10102377817 9.8 66.7109757922 0.0 7.10189129483 109 0.0 -0.00427592644313 -0.0790424941546 -0.00525116442672 0.0 -0.317400938842 -9.50934096531 101.043043857 0.0 0.0 7.10203451574 -0.277463476736
1 7.10192324727 10.0 66.7190376393 0.0 7.102816358 110 0.0 -0.00354965043963 -0.0555319405623 -0.00466408727031 0.0 -0.222362695784 -9.5575693664 101.063357178 0.0 0.0 7.10295859741 -0.182932389511
1 7.10206966823 10.2 66.719056614 0.0 7.10295367801 111 0.0 -0.00279759981145 -0.0389888513241 -0.00419932437777 0.0 -0.156534410639 -9.59091221135 101.077373349 0.0 0.0 7.10309185003 -0.124107011798
1 7.10276370724 10.4 66.7909407126 0.0 7.10366127892 112 0.0 -0.00242284951093 -0.027576294199 -0.0035847822753 0.0 -0.110590175485 -9.61509378787 101.085136379 0.0 0.0 7.1038002581 -0.0922022184892
1 7.10070319076 10.6 66.7436279109 0.0 7.1016029653 113 0.0 -0.001917724312 -0.0196219445149 -0.00325275419872 0.0 -0.0784705176125 -9.63149870254 101.091178412 0.0 0.0 7.1017413721 -0.0677883712902
1 7.10113301028 10.8 66.7578446322 0.0 7.10201147178 114 0.0 -0.00163674156494 -0.0141612191613 -0.00310588690295 0.0 -0.0563211373926 -9.64266296678 101.101794573 0.0 0.0 7.10214492385 -0.0490789674863
1 7.10107329552 11.0 66.7998908922 0.0 7.10196450226 115 0.0 -0.00149891661435 -0.010157857138 -0.0029022130707 0.0 -0.0405177121079 -9.6507656153 101.102847083 0.0 0.0 7.10210036211 -0.0413679042003
1 7.1017614307 11.2 66.7995096243 0.0 7.10265297731 116 0.0 -0.00134219122609 -0.00736869312356 -0.00275777916298 0.0 -0.0294960854255 -9.65635218934 101.10265369 0.0 0.0 7.1027881114 -0.0346232843951
1 7.10044891984 11.4 66.8069791454 0.0 7.10134661669 117 0.0 -0.0010678986981 -0.00546958066055 -0.00262792680766 0.0 -0.0219888751271 -9.6597494726 101.101758055 0.0 0.0 7.10148185906 -0.0303606712602
1 7.1006534693 11.6 66.7505324425 0.0 7.10154894637 118 0.0 -0.000950435622983 -0.00383883053 -0.00238098241188 0.0 -0.0161760649284 -9.66355792668 101.107474081 0.0 0.0 7.10168399625 -0.0157066527676
1 7.1016657483 11.8 66.816125489 0.0 7.10257955698 119 0.0 -0.000863423408435 -0.00299993830593 -0.00242031156787 0.0 -0.0123915219899 -9.66448400082 101.102246241 0.0 0.0 7.10271611326 -0.0135315137787
1 7.10108464922 12.0 66.8173613388 0.0 7.10197548685 120 0.0 -0.000732775371544 -0.0021430446892 -0.00229379668564 0.0 -0.00948550422843 -9.66622511278 101.102915193 0.0 0.0 7.10210874284 -0.00868371338404
