status Javgctr z Fbare0 Fbare1 Javgbtm i Fshear1 Fshear2 Fp2 Fshear0 r Fbarevol2 Fp0 Fbarevol0 Fbarevol1 Fp1 Javgtop Fbare2
<type 'numpy.int64'> <type 'numpy.float64'> <type 'numpy.float64'> <type 'numpy.float64'> <type 'numpy.float64'> <type 'numpy.float64'> <type 'numpy.int64'> <type 'numpy.float64'> <type 'numpy.float64'> <type 'numpy.float64'> <type 'numpy.float64'> <type 'numpy.float64'> <type 'numpy.float64'> <type 'numpy.float64'> <type 'numpy.float64'> <type 'numpy.float64'> <type 'numpy.float64'> <type 'numpy.float64'> <type 'numpy.float64'>
121 121 121 121 121 121 121 121 121 121 121 121 121 121 121 121 121 121 121
1 4.21402145574 -12.0 29.7728305902 0.0 4.21402187501 0 0.0 0.000744335257121 0.000299449410453 -0.000493677957623 0.0 -0.00289038631981 -3.94036545371 44.9379493506 0.0 0.0 4.21402139241 0.00151972725626
1 4.21512286027 -11.8 29.7660860676 0.0 4.21512326826 1 0.0 0.000776804790619 0.000378317767133 -0.000533222221465 0.0 -0.00301018061027 -3.94025831071 44.9387368623 0.0 0.0 4.21512278545 0.0013830743857
1 4.21403350552 -11.6 29.7605136612 0.0 4.21403391714 2 0.0 0.00083854968892 0.000322429721002 -0.000494998049953 0.0 -0.00326363226045 -3.9404448503 44.937696955 0.0 0.0 4.21403340508 -0.00604492209493
1 4.21396322462 -11.4 29.7767571127 0.0 4.21396362957 3 0.0 0.000885952460037 0.000417075034533 -0.000509758216571 0.0 -0.00360277575959 -3.94045513187 44.9381761073 0.0 0.0 4.21396310974 -0.00270450440427
1 4.21365264117 -11.2 29.7682220968 0.0 4.21365302618 4 0.0 0.000958332042876 0.000455444143664 -0.000520578419644 0.0 -0.00389225813963 -3.94049136519 44.9371069194 0.0 0.0 4.21365252774 -0.000846816186968
1 4.21310727102 -11.0 29.7724308881 0.0 4.21310764005 5 0.0 0.00102099951143 0.000484879593662 -0.000534998483865 0.0 -0.00434817412309 -3.9404464398 44.9371443343 0.0 0.0 4.21310715219 -0.00218330066222
1 4.21052205033 -10.8 29.7582230449 0.0 4.21052244672 6 0.0 0.00111178596734 0.000480071476245 -0.000545796644252 0.0 -0.0048681230428 -3.9405770165 44.93659805 0.0 0.0 4.21052191043 -0.0049470385716
1 4.21118717759 -10.6 29.7703939905 0.0 4.21118755301 7 0.0 0.00121014303568 0.000498266877615 -0.000556722682741 0.0 -0.00549219056752 -3.94076261244 44.937066039 0.0 0.0 4.21118704846 -0.00472670319089
1 4.21045756274 -10.4 29.7659601435 0.0 4.21045793272 8 0.0 0.00132836304438 0.00051582586739 -0.00063795765771 0.0 -0.00631212433258 -3.94057542567 44.9387947437 0.0 0.0 4.21045744264 -0.00494665063159
1 4.20949565726 -10.2 29.7650559037 0.0 4.20949601572 9 0.0 0.00146408953295 0.000511131286063 -0.000683950497212 0.0 -0.007319812918 -3.94052708967 44.9376330001 0.0 0.0 4.20949556358 -0.00839837392307
1 4.20922523753 -10.0 29.7716749555 0.0 4.20922560618 10 0.0 0.00161801301627 0.000495089613994 -0.000706082269898 0.0 -0.00863881748447 -3.94074807489 44.9375226635 0.0 0.0 4.20922514506 -0.007378338855
1 4.20925685321 -9.8 29.7717313876 0.0 4.20925720003 11 0.0 0.00177598186445 0.000503813839942 -0.000732927669172 0.0 -0.0103493689819 -3.94107886273 44.9394352475 0.0 0.0 4.20925678592 -0.00770908299108
1 4.20901976883 -9.6 29.7740716835 0.0 4.20902008643 12 0.0 0.00198926599352 0.000304171695976 -0.000757178396964 0.0 -0.0127963989765 -3.94180527846 44.9398963547 0.0 0.0 4.20901974866 -0.012630679858
1 4.20938744071 -9.4 29.765522169 0.0 4.20938770397 13 0.0 0.00220353774901 5.16671725817e-05 -0.00085753547514 0.0 -0.0163496110832 -3.94223848658 44.9385950972 0.0 0.0 4.20938748301 -0.0155623156331
1 4.20955860795 -9.2 29.7871858957 0.0 4.20955885005 14 0.0 0.0024486620939 -0.000463595600786 -0.000893697147806 0.0 -0.0217168749726 -3.94398550507 44.9414763526 0.0 0.0 4.20955873461 -0.0157030999283
1 4.20997874561 -9.0 29.7719700655 0.0 4.20997892138 15 0.0 0.00274735545912 -0.00160820541464 -0.000972126839683 0.0 -0.0303835237692 -3.9465394132 44.9405917846 0.0 0.0 4.20997898796 -0.027016702573
1 4.21043573816 -8.8 29.7819482567 0.0 4.21043595116 16 0.0 0.00306073641598 -0.00356910457825 -0.00110793057249 0.0 -0.0445069858687 -3.95153489332 44.9437649797 0.0 0.0 4.21043615061 -0.0371992840759
1 4.21055965032 -8.6 29.7911722626 0.0 4.21055994974 17 0.0 0.00344895765763 -0.00724419841287 -0.00122193855668 0.0 -0.0680032364818 -3.96115937826 44.9467661565 0.0 0.0 4.21056019744 -0.0549997181076
1 4.20996571573 -8.4 29.7889284816 0.0 4.20996634524 18 0.0 0.0039961689126 -0.0136925109252 -0.00147060891565 0.0 -0.10666858616 -3.97848269716 44.9534395008 0.0 0.0 4.20996643247 -0.0888365713092
1 4.20762101439 -8.2 29.7935172693 0.0 4.20762264456 19 0.0 0.00487425979427 -0.0240549737368 -0.00190715579065 0.0 -0.167158950467 -4.00964790983 44.9569259356 0.0 0.0 4.2076220685 -0.139643890676
1 4.20526140116 -8.0 29.7893659285 0.0 4.18696263983 20 0.0 0.00632748066447 -0.0385701563135 -0.00256210112176 0.0 -0.252986217561 -4.06193491105 44.9515405141 0.0 0.0 4.20526273539 -0.211524116179
1 4.19533897762 -7.8 29.7362273086 0.0 4.16580772369 21 0.0 0.00872195670053 -0.0555155539121 -0.00337175084328 0.0 -0.358546576667 -4.14290098695 44.9268222448 0.0 0.0 4.19534058859 -0.295948650335
1 4.17437465045 -7.6 29.6776827816 0.0 4.15048475637 22 0.0 0.0120477162673 -0.069881833591 -0.00373219743347 0.0 -0.458514581206 -4.25584251889 44.8751481914 0.0 0.0 4.17437639733 -0.380661862907
1 4.15259263665 -7.4 29.5978020715 0.0 4.12967416634 23 0.0 0.0156252832386 -0.0752040061494 -0.0034936133096 0.0 -0.513661803476 -4.389870225 44.7985177007 0.0 0.0 4.15259469915 -0.425548900981
1 4.13589597235 -7.2 29.5145884381 0.0 4.10834479736 24 0.0 0.0188275380726 -0.0686301704463 -0.00280966619193 0.0 -0.506129390389 -4.52412729831 44.7232977192 0.0 0.0 4.13589797519 -0.418328031132
1 4.12413174196 -7.0 29.4565748248 0.0 4.0989060661 25 0.0 0.0213977418352 -0.0537636617168 -0.00190544518207 0.0 -0.454694284906 -4.63890603882 44.6709303085 0.0 0.0 4.12413369415 -0.375560898181
1 4.11381079684 -6.8 29.4222275161 0.0 4.1138282632 26 0.0 0.0233055092244 -0.0372782572351 -0.00111449058851 0.0 -0.390602927394 -4.72316774203 44.6424795886 0.0 0.0 4.11381249065 -0.323952311925
1 4.11248269416 -6.6 29.4104102563 0.0 4.11250003995 27 0.0 0.0244182389522 -0.0235339536493 -0.00071993655694 0.0 -0.332949647102 -4.779534584 44.631466414 0.0 0.0 4.1124842577 -0.276630158992
1 4.11228620415 -6.4 29.4066302672 0.0 4.11230562979 28 0.0 0.0251035583385 -0.0133596308605 -0.000590718084117 0.0 -0.29033843181 -4.81340093495 44.6277853293 0.0 0.0 4.11228790268 -0.238286783816
1 4.11229022076 -6.2 29.4107548706 0.0 4.11230841554 29 0.0 0.0255980208723 -0.00659993650102 -0.000499462762946 0.0 -0.261595258521 -4.83212518182 44.6278257218 0.0 0.0 4.11229174638 -0.22235225779
1 4.11217815498 -6.0 29.3996366433 0.0 4.11219688827 30 0.0 0.0259006458367 -0.00198451242763 -0.00049850266821 0.0 -0.243171310728 -4.84016961297 44.6292946772 0.0 0.0 4.11217971935 -0.203004278403
1 4.11181624235 -5.8 29.4136904852 0.0 4.11183339424 31 0.0 0.026122907684 0.000768314697039 -0.000465679446278 0.0 -0.231809318716 -4.8420919592 44.6307029883 0.0 0.0 4.1118176325 -0.194379946928
1 4.11128965559 -5.6 29.4085734803 0.0 4.11130529818 32 0.0 0.0262743180285 0.00256118670452 -0.000452704586087 0.0 -0.22502745357 -4.83979433762 44.6321906723 0.0 0.0 4.1112908671 -0.188221387692
1 4.11073580888 -5.4 29.4173804895 0.0 4.11075057246 33 0.0 0.0264020848925 0.0035546352455 -0.000451814140567 0.0 -0.221150433434 -4.83484396176 44.6338364622 0.0 0.0 4.11073693235 -0.186649581129
1 4.10986593801 -5.2 29.4071505949 0.0 4.1098804157 34 0.0 0.0264977842845 0.00420783282192 -0.00048822058884 0.0 -0.218985328603 -4.82817021679 44.6347372973 0.0 0.0 4.10986703076 -0.183401372515
1 4.10878964642 -5.0 29.4165783144 0.0 4.10880254662 35 0.0 0.0265553359312 0.00451906692069 -0.000463619369553 0.0 -0.21808484159 -4.82084517779 44.6360660046 0.0 0.0 4.10879055797 -0.183799408557
1 4.1078290807 -4.8 29.4105357433 0.0 4.10784137556 36 0.0 0.0265970089788 0.00473493100648 -0.000457795253819 0.0 -0.217951964571 -4.81282378747 44.636971776 0.0 0.0 4.10782992998 -0.183087063857
1 4.10670863763 -4.6 29.4189709152 0.0 4.10672001563 37 0.0 0.0266207671708 0.00471949967189 -0.000465258258163 0.0 -0.218372469679 -4.8046475618 44.6389083221 0.0 0.0 4.10670937968 -0.184934699027
1 4.10640264557 -4.4 29.4208611684 0.0 4.10641183811 38 0.0 0.0266544958862 0.0045962024736 -0.000452647138865 0.0 -0.219319187837 -4.79643358068 44.63960757 0.0 0.0 4.10640313264 -0.182204024474
1 4.1046588646 -4.2 29.4216966288 0.0 4.10466723037 39 0.0 0.0266687365512 0.00434901026903 -0.00045640952348 0.0 -0.220715208211 -4.78819050253 44.641211019 0.0 0.0 4.10465925397 -0.185718004561
1 4.10415322414 -4.0 29.420275412 0.0 4.10415982254 40 0.0 0.026696296858 0.00401958436416 -0.000475942114326 0.0 -0.222552832621 -4.78006367706 44.6416610573 0.0 0.0 4.10415346779 -0.184038297705
1 4.10303245395 -3.8 29.4179677821 0.0 4.1030389542 41 0.0 0.026723332912 0.00351313840893 -0.000466613378796 0.0 -0.224991375051 -4.77252543663 44.6432248699 0.0 0.0 4.10303266004 -0.186106533512
1 4.10129183684 -3.6 29.4243642404 0.0 4.10129715821 42 0.0 0.0267191584818 0.00296339100139 -0.000440514820971 0.0 -0.228099550245 -4.76525772623 44.6445788416 0.0 0.0 4.10129192785 -0.190311713905
1 4.10122334775 -3.4 29.4193480479 0.0 4.10122884641 43 0.0 0.0267458364597 0.00211786819457 -0.000469090745357 0.0 -0.232160805429 -4.75872228406 44.6456292473 0.0 0.0 4.10122339512 -0.194070530282
1 4.09988765087 -3.2 29.4294594068 0.0 4.09989139196 44 0.0 0.026761369005 0.00109307939746 -0.000427004559285 0.0 -0.237119771531 -4.75328942195 44.647306784 0.0 0.0 4.09988762597 -0.195924512281
1 4.09800317836 -3.0 29.4235155668 0.0 4.09800663484 45 0.0 0.0267801017757 -0.000277687804178 -0.000433320663421 0.0 -0.243389484048 -4.74876879394 44.6477059128 0.0 0.0 4.09800307781 -0.201104157374
1 4.09613197415 -2.8 29.433942299 0.0 4.09613565954 46 0.0 0.0267987164188 -0.00192442801596 -0.000425031547703 0.0 -0.251129965292 -4.74573578801 44.6490147605 0.0 0.0 4.09613177431 -0.209157193602
1 4.09400197129 -2.6 29.4303792498 0.0 4.09400544666 47 0.0 0.02683133026 -0.00401258268303 -0.000443609978762 0.0 -0.260586749211 -4.74457663563 44.6493540183 0.0 0.0 4.09400161166 -0.219976271044
1 4.09185716529 -2.4 29.4344779481 0.0 4.09185981479 48 0.0 0.0268395723323 -0.00642338891146 -0.000437877023728 0.0 -0.271892953924 -4.7458289872 44.6497353791 0.0 0.0 4.09185667573 -0.223841414574
1 4.08943135492 -2.2 29.4342040154 0.0 4.08943412559 49 0.0 0.0269071854132 -0.00948816420324 -0.000439227001121 0.0 -0.285071081434 -4.75014721279 44.6493716939 0.0 0.0 4.08943045008 -0.241122614269
1 4.08685730491 -2.0 29.426955072 0.0 4.086859097 50 0.0 0.0269366456097 -0.0128095344363 -0.000419223900674 0.0 -0.299999300421 -4.75797464019 44.6477836444 0.0 0.0 4.08685608083 -0.250888052904
1 4.08407770822 -1.8 29.4267764298 0.0 4.08407909814 51 0.0 0.0269828792505 -0.0165128186902 -0.000371958767376 0.0 -0.316153685603 -4.76991952384 44.6461197283 0.0 0.0 4.08407531476 -0.266950544187
1 4.02879607922 -1.6 29.4166395896 0.0 4.06544891562 52 0.0 0.0266220231908 -0.0204798434342 -0.000237786938104 0.0 -0.329777749239 -4.78523910642 44.6405501416 0.0 0.0 4.09277169942 -0.274912702868
1 4.05239053412 -1.4 29.4186425493 0.0 4.05523495633 53 0.0 0.0265279413222 -0.0243597384867 -0.000260057537325 0.0 -0.344245256649 -4.80564475914 44.6352531161 0.0 0.0 4.09206111916 -0.287642154392
1 4.00630697929 -1.2 29.4122724136 0.0 4.07048558562 54 0.0 0.0265816733493 -0.0276817213895 -0.000352605238244 0.0 -0.35800608287 -4.82987091992 44.6289952953 0.0 0.0 4.08837533037 -0.301163785395
1 3.98786842933 -1.0 29.3987734796 0.0 4.06842183642 55 0.0 0.0265626111165 -0.0303196762662 -0.000420756840812 0.0 -0.367810915133 -4.85696139001 44.6207546954 0.0 0.0 4.08667601008 -0.30674241981
1 4.00044547108 -0.8 29.3846936501 0.0 4.06561415688 56 0.0 0.02679119505 -0.0319133089074 -0.000501252620435 0.0 -0.375503668748 -4.88594346461 44.6123371148 0.0 0.0 4.07840371475 -0.31351624229
1 4.02726434227 -0.6 29.3785519355 0.0 4.04490594176 57 0.0 0.0269209221328 -0.0323353355451 -0.000554064195976 0.0 -0.377311340738 -4.9153849994 44.6032007846 0.0 0.0 4.07413032956 -0.313844902098
1 4.05994573955 -0.4 29.3679528365 0.0 4.0599393233 58 0.0 0.0273143017685 -0.0315169744081 -0.00039336476427 0.0 -0.376014931779 -4.94338813324 44.5945583616 0.0 0.0 4.05993918992 -0.31114792489
1 4.05637567594 -0.2 29.3542115713 0.0 4.05636877487 59 0.0 0.0273330528954 -0.0300345820573 -0.000426810322993 0.0 -0.367941251288 -4.96833714653 44.5862756932 0.0 0.0 4.05636887632 -0.302340962549
1 4.05300179997 -9.15933995316e-15 29.3433968243 0.0 4.05299427431 60 0.0 0.0273449475552 -0.0276664992981 -0.000498635119775 0.0 -0.356475473395 -4.98923626059 44.5803634722 0.0 0.0 4.05299458299 -0.29557797819
1 4.04967293967 0.2 29.3364558376 0.0 4.04966374803 61 0.0 0.0273439640254 -0.0248545399963 -0.000427370053358 0.0 -0.343074129097 -5.00602744846 44.575746025 0.0 0.0 4.04966435947 -0.286832369537
1 4.04659505298 0.4 29.3452197173 0.0 4.04658622551 62 0.0 0.0273315086744 -0.0218848781325 -0.000400685571077 0.0 -0.329125395726 -5.0181320856 44.5738095649 0.0 0.0 4.04658709666 -0.277131342782
1 3.99385919434 0.6 29.3424927257 0.0 4.05419649141 63 0.0 0.0269160032672 -0.0190471642468 -0.000264793611948 0.0 -0.312957894729 -5.02517616313 44.5711577218 0.0 0.0 4.03120943232 -0.263219880391
1 3.97509782435 0.8 29.3418299159 0.0 4.05235713908 64 0.0 0.02680229716 -0.0164435022858 -0.000332297481597 0.0 -0.299871469731 -5.0287484072 44.5712540881 0.0 0.0 4.03963725195 -0.2496374083
1 3.95745608655 1.0 29.3318041471 0.0 4.05454238707 65 0.0 0.0265512088487 -0.0141379447264 -0.000412901500451 0.0 -0.28752901289 -5.02907125551 44.571730877 0.0 0.0 4.03630495753 -0.239674343347
1 3.96921522806 1.2 29.3413969464 0.0 4.05010628865 66 0.0 0.026586884203 -0.0121313647777 -0.000488753226896 0.0 -0.279069626714 -5.02764105883 44.5734567441 0.0 0.0 4.0320318757 -0.23129516085
1 4.00887714215 1.4 29.3420408239 0.0 4.04789545931 67 0.0 0.0265082080309 -0.0104603481117 -0.00054360855955 0.0 -0.271640703928 -5.02508980752 44.5747313852 0.0 0.0 4.01129254416 -0.226941977406
1 3.97902670256 1.6 29.3429396157 0.0 4.04289172014 68 0.0 0.0266145847838 -0.00884746285552 -0.000617671388955 0.0 -0.26640872106 -5.0218585472 44.5757588485 0.0 0.0 4.01593779022 -0.223068921169
1 4.0285698434 1.8 29.341917617 0.0 4.02856608348 69 0.0 0.0269664509348 -0.00720784649063 -0.000445498822538 0.0 -0.263222005381 -5.01821945001 44.5761168149 0.0 0.0 4.02857208066 -0.217437263763
1 4.02622312419 2.0 29.3423426083 0.0 4.02622004611 70 0.0 0.0269307533091 -0.00601002832717 -0.000446443362032 0.0 -0.257486124689 -5.01472810091 44.5769692986 0.0 0.0 4.02622737449 -0.2135039928
1 4.02390590618 2.2 29.3431438482 0.0 4.02390365894 71 0.0 0.0268792196009 -0.0047379197259 -0.00050598276635 0.0 -0.251949021162 -5.01091488312 44.5776896596 0.0 0.0 4.0239112706 -0.205674728707
1 4.02165982628 2.4 29.3561863099 0.0 4.02165794425 72 0.0 0.0268619419765 -0.0036755338824 -0.000475239220185 0.0 -0.246523359505 -5.00742358607 44.5792038443 0.0 0.0 4.0216666756 -0.21030420378
1 4.01935985831 2.6 29.3501736353 0.0 4.01935853077 73 0.0 0.0268104699924 -0.00237559466637 -0.000450606824517 0.0 -0.241350813555 -5.00342880994 44.5804782224 0.0 0.0 4.01936650813 -0.200076594974
1 4.0172115442 2.8 29.3521584071 0.0 4.01721032973 74 0.0 0.0267863100415 -0.00135207817148 -0.000466998401347 0.0 -0.236552960062 -4.99891251757 44.5813668819 0.0 0.0 4.01721969272 -0.19992396494
1 4.01518039588 3.0 29.3475807019 0.0 4.01517941736 75 0.0 0.0267598336411 -0.000317959391243 -0.000460796928776 0.0 -0.232215540072 -4.99399069257 44.582023349 0.0 0.0 4.01518858306 -0.193213511497
1 4.01290594845 3.2 29.3541896659 0.0 4.01290509117 76 0.0 0.0267366065833 0.000534795118167 -0.000468470914899 0.0 -0.228311051296 -4.98857524468 44.5834921362 0.0 0.0 4.01291451384 -0.193547582565
1 4.0106571848 3.4 29.3505296103 0.0 4.01065637071 77 0.0 0.0267194529403 0.0013397575288 -0.000488108359493 0.0 -0.224909920187 -4.98256960358 44.5843720653 0.0 0.0 4.01066595247 -0.189916041905
1 4.00694314067 3.6 29.3557312516 0.0 4.00694241508 78 0.0 0.0266929796057 0.00199954811973 -0.000473414319367 0.0 -0.221901267249 -4.97653180081 44.5858660118 0.0 0.0 4.0069518555 -0.188331725387
1 4.00465333735 3.8 29.3537577437 0.0 4.00465261042 79 0.0 0.0266494410693 0.0026585797094 -0.00048231610692 0.0 -0.219431523237 -4.9697785369 44.5868501511 0.0 0.0 4.00466193417 -0.184573273832
1 4.00196520661 4.0 29.3589446371 0.0 4.00196452433 80 0.0 0.0266442701411 0.00311888138319 -0.000468919699403 0.0 -0.217296487824 -4.96277724857 44.5887974819 0.0 0.0 4.0019731461 -0.183498497331
1 3.99974985299 4.2 29.3595839419 0.0 3.99974919311 81 0.0 0.0266387168704 0.00356730147436 -0.000460259415313 0.0 -0.215411664211 -4.95541097191 44.5893737859 0.0 0.0 3.99975764964 -0.179875725568
1 3.99747475012 4.4 29.3623506004 0.0 3.99747397386 82 0.0 0.0266018733613 0.0039053039874 -0.000472401251503 0.0 -0.2138595239 -4.94772627501 44.5905678969 0.0 0.0 3.99748158343 -0.181385508222
1 3.99552519305 4.6 29.3631491073 0.0 3.9955245797 83 0.0 0.0265851116341 0.00425355897593 -0.000478086071474 0.0 -0.212309126435 -4.93974936946 44.591451791 0.0 0.0 3.99553143888 -0.174727064263
1 3.99356131471 4.8 29.3627825103 0.0 3.99356063232 84 0.0 0.0265533977978 0.00462299629025 -0.000466512067304 0.0 -0.210654104716 -4.93154537204 44.5925275364 0.0 0.0 3.99356696943 -0.175304775308
1 3.99167751456 5.0 29.3622768891 0.0 3.99167687485 85 0.0 0.0265048422109 0.00515866559543 -0.000462502750676 0.0 -0.20874621405 -4.92289439718 44.5935308705 0.0 0.0 3.99168261323 -0.173901273851
1 3.98991024547 5.2 29.3627361482 0.0 3.98990960913 86 0.0 0.0264419694876 0.00567959152024 -0.000488517272488 0.0 -0.206233538163 -4.91370292656 44.5950080664 0.0 0.0 3.98991414884 -0.171217439665
1 3.98818830871 5.4 29.3701727065 0.0 3.9881877274 87 0.0 0.0263700324613 0.00645092966087 -0.000449816794789 0.0 -0.202558133076 -4.90384293986 44.5961263659 0.0 0.0 3.98819150346 -0.167314115038
1 3.98658377769 5.6 29.3645992298 0.0 3.98658327544 88 0.0 0.0262643658504 0.00766326149765 -0.000452472063884 0.0 -0.196944785493 -4.8926450032 44.5965594456 0.0 0.0 3.98658599158 -0.163595230697
1 3.98522321384 5.8 29.3737694699 0.0 3.98522277727 89 0.0 0.0261106253338 0.00956598106217 -0.000439585280597 0.0 -0.188150515705 -4.87937173571 44.5972199113 0.0 0.0 3.98522449897 -0.155743957036
1 3.98423509424 6.0 29.3684728411 0.0 3.98423474686 90 0.0 0.0259051611747 0.0124873483559 -0.000453477084762 0.0 -0.174212856646 -4.862554344 44.5973600682 0.0 0.0 3.98423538383 -0.147864118684
1 3.98376491812 6.2 29.3788539773 0.0 3.98376461258 91 0.0 0.0255696763766 0.0172458842653 -0.000399298049109 0.0 -0.152190216493 -4.84046117116 44.5978100466 0.0 0.0 3.98376466462 -0.12369831585
1 3.98431086117 6.4 29.3710197819 0.0 3.98431064929 92 0.0 0.0251417311964 0.0242643440399 -0.00037099263031 0.0 -0.118199502033 -4.80948416276 44.5985690703 0.0 0.0 3.98430979387 -0.0992255234369
1 3.98663872101 6.6 29.3805114675 0.0 3.98663852146 93 0.0 0.0244563687537 0.0347811131779 -0.000186023453321 0.0 -0.0675179896346 -4.76527948156 44.6023589293 0.0 0.0 3.98663764817 -0.0581123678016
1 3.99235008478 6.8 29.3877964242 0.0 3.9923499529 94 0.0 0.0233916043161 0.0487769715963 0.000205792868141 0.0 0.00279957156967 -4.7012360223 44.6129911344 0.0 0.0 3.99234876753 -0.00158008138581
1 4.01052895719 7.0 29.4250347653 0.0 4.01052882459 95 0.0 0.0215103886863 0.0646626383583 0.00100568488675 0.0 0.0906177748213 -4.61095197843 44.6372902276 0.0 0.0 3.98594434473 0.0725943507729
1 4.0334515865 7.2 29.4697912405 0.0 4.03345151645 96 0.0 0.018933371099 0.0776273125857 0.00186995810263 0.0 0.175282620347 -4.49311011219 44.6850476888 0.0 0.0 4.00665135278 0.143979414235
1 4.06471292301 7.4 29.5565310049 0.0 4.06471292655 97 0.0 0.015736322748 0.0811245526923 0.00264671524681 0.0 0.225828992164 -4.35738836243 44.7575009147 0.0 0.0 4.04178476063 0.185452714992
1 4.10291452245 7.6 29.6345646687 0.0 4.10291445108 98 0.0 0.0121262604225 0.071784996259 0.0029399113592 0.0 0.221703816368 -4.22427836824 44.8338026407 0.0 0.0 4.07964828302 0.18253218696
1 4.14069152572 7.8 29.7017001395 0.0 4.1406914729 99 0.0 0.00873886446707 0.0537779814173 0.0024881570804 0.0 0.173564030153 -4.11530679078 44.8927670132 0.0 0.0 4.11176314894 0.143327238565
1 4.16449837046 8.0 29.7511659974 0.0 4.16449832662 100 0.0 0.0063317092693 0.0351755990929 0.00173974958767 0.0 0.109954660525 -4.03976740679 44.9233444233 0.0 0.0 4.14671130197 0.0911086184318
1 4.17814050759 8.2 29.7589286275 0.0 4.1781404943 101 0.0 0.00486705305848 0.0210244089939 0.00106836465619 0.0 0.055994276226 -3.99303995328 44.9346078325 0.0 0.0 4.17814073115 0.0462377899754
1 4.18910394728 8.4 29.7662828733 0.0 4.18910398058 102 0.0 0.00400175674901 0.0118740805343 0.000606278857938 0.0 0.020697861677 -3.96677191996 44.9378969541 0.0 0.0 4.18910405834 0.018973050061
1 4.19591164686 8.6 29.7669817616 0.0 4.19591172754 103 0.0 0.00346226870892 0.00655835225405 0.000370868052457 0.0 0.000886331867457 -3.95285811962 44.9355341789 0.0 0.0 4.19591168667 0.000747952310992
1 4.20012458231 8.8 29.7693050975 0.0 4.20012468452 104 0.0 0.00305706214929 0.00365420019297 0.000209195195308 0.0 -0.00850269062301 -3.94575443159 44.9339094922 0.0 0.0 4.2001246032 -0.00616280599539
1 4.20283117375 9.0 29.7644268628 0.0 4.20283130299 105 0.0 0.0027196419353 0.00222311010923 0.000158656588643 0.0 -0.0120257000758 -3.94275176046 44.9348280885 0.0 0.0 4.20283117411 -0.00922203614129
1 4.20456688138 9.2 29.7735360887 0.0 4.20456702857 106 0.0 0.00246124846795 0.00133841455723 6.40796173141e-05 0.0 -0.0125762929147 -3.94116941707 44.9343689786 0.0 0.0 4.20456687347 -0.0134315595999
1 4.20579706071 9.4 29.7634294587 0.0 4.20579722258 107 0.0 0.00220684519029 0.000994830430714 -5.02804557118e-05 0.0 -0.011732220137 -3.94023723067 44.9323807627 0.0 0.0 4.20579704531 -0.00851537218067
1 4.20697842444 9.6 29.7583995935 0.0 4.20697860722 108 0.0 0.00197802052184 0.000796744707474 -7.42830123594e-05 0.0 -0.0106043595342 -3.94018022287 44.9328075728 0.0 0.0 4.20697839846 -0.00793484168824
1 4.20738291958 9.8 29.767187247 0.0 4.2073831223 109 0.0 0.00179597563294 0.000616324573589 -0.000146916596659 0.0 -0.00923989502191 -3.94020376456 44.9368108103 0.0 0.0 4.20738287954 -0.011524543438
1 4.20824869914 10.0 29.7602689008 0.0 4.20824890632 110 0.0 0.00161293699211 0.000592508113568 -0.000214931501024 0.0 -0.00806269788867 -3.94010174591 44.9378581084 0.0 0.0 4.20824865937 -0.00534457172382
1 4.20866156681 10.2 29.7606490316 0.0 4.20866178693 111 0.0 0.00147571716408 0.000524068295326 -0.000254887516231 0.0 -0.00703333149565 -3.94007996311 44.9382818753 0.0 0.0 4.20866151472 -0.00534377222359
1 4.20997731188 10.4 29.7696971267 0.0 4.20997753864 112 0.0 0.00133519498689 0.000502697259202 -0.000262114129823 0.0 -0.00617018559715 -3.94026586018 44.9360302945 0.0 0.0 4.20997725529 -0.00456933894755
1 4.21030973087 10.6 29.7527881605 0.0 4.21030995759 113 0.0 0.0012185367914 0.000448396200547 -0.000294925613608 0.0 -0.00544975108892 -3.94022662432 44.9358354895 0.0 0.0 4.21030967579 -0.00607514523531
1 4.21043711997 10.8 29.7659165171 0.0 4.21043735377 114 0.0 0.00113047085074 0.000394617491872 -0.000305317137382 0.0 -0.00481243635881 -3.94039198186 44.9372771959 0.0 0.0 4.21043705902 -0.00597781458876
1 4.21278497251 11.0 29.7726015567 0.0 4.2127852126 115 0.0 0.00103499538742 0.00038363907343 -0.000327985928264 0.0 -0.00432195167964 -3.94034688648 44.9376031075 0.0 0.0 4.21278490603 -0.00629562393254
1 4.21357200174 11.2 29.7732648296 0.0 4.21357224585 116 0.0 0.000962057501329 0.000367527735844 -0.00034468895956 0.0 -0.00387693045058 -3.94032464055 44.9358875505 0.0 0.0 4.21357192996 -0.00761030865397
1 4.21377970583 11.4 29.772888816 0.0 4.21377994812 117 0.0 0.000904646485862 0.000335962916687 -0.000371197368556 0.0 -0.003531456226 -3.94026420608 44.9354461085 0.0 0.0 4.21377963508 -0.00652789483252
1 4.21389506494 11.6 29.7662562315 0.0 4.21389530979 118 0.0 0.000834885153579 0.000370804524542 -0.000339677010967 0.0 -0.00319665807683 -3.94056116086 44.9376574771 0.0 0.0 4.2138949939 -0.00200952905053
1 4.21497464085 11.8 29.7691517644 0.0 4.2149748883 119 0.0 0.000792986578521 0.000323380495347 -0.000406416143111 0.0 -0.0029664410339 -3.94020362276 44.9364116817 0.0 0.0 4.21497456632 -0.00305288128617
1 4.21400459249 12.0 29.7696172992 0.0 4.21400483774 120 0.0 0.000753571384511 0.000312608687924 -0.000412292968059 0.0 -0.00269442189702 -3.940208294 44.9354867711 0.0 0.0 4.2140045226 -0.00130208654128
