i status r z
<type 'numpy.int64'> <type 'numpy.int64'> <type 'numpy.float64'> <type 'numpy.float64'>
652 652 652 652
0 1442838474759733 1.96e-10 -8.997e-09
1 1442838474946000 1.96e-10 8.997e-09
2 0 6.438e-09 2.992e-09
3 0 6.438e-09 -2.992e-09
4 0 7.95e-10 6.579e-09
5 0 7.105e-09 2.9e-09
6 0 7.105e-09 -2.9e-09
7 0 1.29e-10 4.495e-09
8 0 1.6e-10 -4.9e-09
9 0 1.6e-10 3.3e-09
10 0 1.56e-10 -6.102e-09
11 0 6.193e-09 -1.2843e-08
12 0 6.193e-09 1.2843e-08
13 0 1.172e-09 -2.376e-09
14 0 1.07e-10 6.18e-10
15 0 1.057e-09 1.736e-09
16 0 6.93e-10 -2.145e-09
17 0 1.241e-09 -2.161e-09
18 0 7.98e-10 6.379e-09
19 0 2.21e-10 1.613e-09
20 0 1.043e-09 -1.802e-09
21 0 6.907e-09 5.12e-09
22 0 6.907e-09 -5.12e-09
23 0 1.23e-10 -6.01e-10
24 0 1.141e-09 -6.288e-09
25 0 8.98e-10 -2.161e-09
26 0 2.83e-10 6.497e-09
27 0 1.05e-10 6.58e-09
28 0 2.39e-10 -3.149e-09
29 0 2.1e-10 4.8e-10
30 0 2.63e-10 -2.108e-09
31 0 1.09e-10 1.769e-09
32 0 6.34e-10 -1.931e-09
33 0 2.84e-10 -6.307e-09
34 0 1.187e-09 -6.075e-09
35 0 6.6e-10 6.723e-09
36 0 6.48e-10 3.21e-10
37 0 2.7e-10 2.152e-09
38 0 1.2178e-08 4.75e-09
39 0 1.2178e-08 -4.75e-09
40 0 1.2513e-08 5.539e-09
41 0 1.2513e-08 -5.539e-09
42 0 2.38e-10 -4.53e-10
43 0 1.07e-10 -2.023e-09
44 0 6.935e-09 6.228e-09
45 0 6.935e-09 -6.228e-09
46 0 5.701e-09 -1.2083e-08
47 0 5.701e-09 1.2083e-08
48 0 1.2935e-08 -9.405e-09
49 0 1.2935e-08 9.405e-09
50 0 9.225e-09 -6.385e-09
51 0 9.225e-09 6.385e-09
52 0 1.048e-09 6.858e-09
53 0 2.84e-10 -7.4e-11
54 0 9.799e-09 -9.776e-09
55 0 9.799e-09 9.776e-09
56 0 1e-09 7.647e-09
57 0 1e-09 -7.647e-09
58 0 7.22e-10 1.26e-10
59 0 1.2634e-08 3.908e-09
60 0 1.2634e-08 -3.908e-09
61 0 2.73e-10 1.29e-10
62 0 1.2092e-08 -3.12e-09
63 0 1.2092e-08 3.12e-09
64 0 1.2122e-08 9.702e-09
65 0 1.2122e-08 -9.702e-09
66 0 2.79e-10 -4.699e-09
67 0 2.8e-10 -5.1e-09
68 0 2.82e-10 3.501e-09
69 0 2.8e-10 3.099e-09
70 0 2.47e-10 4.29e-09
71 0 2.47e-10 4.682e-09
72 0 8.436e-09 -6.171e-09
73 0 8.436e-09 6.171e-09
74 0 4.52e-10 -3.19e-09
75 0 8.574e-09 3.338e-09
76 0 8.574e-09 -3.338e-09
77 0 7.23e-10 -4.996e-09
78 0 7.23e-10 -4.805e-09
79 0 1.045e-09 4.47e-10
80 0 7.05e-10 -6.019e-09
81 0 7.17e-10 -6.213e-09
82 0 2.76e-10 -5.905e-09
83 0 7.3e-10 3.204e-09
84 0 7.31e-10 3.397e-09
85 0 6.75e-10 6.223e-09
86 0 2.62e-10 2.369e-09
87 0 3.123e-09 -1.178e-08
88 0 3.123e-09 1.178e-08
89 0 8.669e-09 -8.906e-09
90 0 8.669e-09 8.906e-09
91 0 1.1349e-08 -3.202e-09
92 0 1.1349e-08 3.202e-09
93 0 4.64e-10 3.06e-10
94 0 5.878e-09 -1.0711e-08
95 0 5.878e-09 1.0711e-08
96 0 2.6e-10 5.402e-09
97 0 6.222e-09 -4.607e-09
98 0 6.222e-09 4.607e-09
99 0 6.303e-09 -9.882e-09
100 0 6.303e-09 9.882e-09
101 0 6.959e-09 -9.717e-09
102 0 6.959e-09 9.717e-09
103 0 6.214e-09 -1.1332e-08
104 0 6.214e-09 1.1332e-08
105 0 4.85e-10 2.482e-09
106 0 3.226e-09 1.0325e-08
107 0 3.226e-09 -1.0325e-08
108 0 6.43e-10 2.396e-09
109 0 1.09e-10 2.035e-09
110 0 8.86e-10 1.42e-10
111 0 1.3151e-08 8.646e-09
112 0 1.3151e-08 -8.646e-09
113 0 1.0599e-08 -9.908e-09
114 0 1.0599e-08 9.908e-09
115 0 1.0573e-08 -5.524e-09
116 0 1.0573e-08 5.524e-09
117 0 9.54e-09 9.054e-09
118 0 9.54e-09 -9.054e-09
119 0 1.0985e-08 -6.405e-09
120 0 1.0985e-08 6.405e-09
121 0 1.008e-09 1.235e-09
122 0 1.008e-09 -1.236e-09
123 0 1.006e-09 7.366e-09
124 0 1.005e-09 9.67e-10
125 0 2.4e-10 -5.503e-09
126 0 1.214e-09 7.758e-09
127 0 1.214e-09 -7.758e-09
128 0 6.58e-10 -1.31e-10
129 0 7.734e-09 3.602e-09
130 0 7.734e-09 -3.602e-09
131 0 2.892e-09 -1.2548e-08
132 0 2.892e-09 1.2548e-08
133 0 5.08e-10 -2.1e-10
134 0 7.758e-09 -6.715e-09
135 0 7.758e-09 6.715e-09
136 0 2.984e-09 9.607e-09
137 0 2.984e-09 -9.607e-09
138 0 2.49e-10 5.592e-09
139 0 1.07e-10 8.62e-10
140 0 2.18e-10 -1.601e-09
141 0 1.1342e-08 8.309e-09
142 0 1.1342e-08 -8.309e-09
143 0 1.064e-08 -7.965e-09
144 0 1.064e-08 7.965e-09
145 0 4.54e-10 -1.9e-09
146 0 2.45e-10 7.389e-09
147 0 1.11e-10 7.255e-09
148 0 1.3296e-08 5.865e-09
149 0 1.3296e-08 -5.865e-09
150 0 2.4e-10 3.897e-09
151 0 5.737e-09 1.3538e-08
152 0 5.737e-09 -1.3538e-08
153 0 5.87e-10 -2.485e-09
154 0 5.25e-10 -2.324e-09
155 0 2.45e-10 -1.211e-09
156 0 1.11e-10 -1.345e-09
157 0 2.45e-10 1.211e-09
158 0 1.11e-10 1.345e-09
159 0 2.74e-10 -2.319e-09
160 0 8.09e-10 7.737e-09
161 0 7.45e-10 7.94e-09
162 0 8.09e-10 -7.737e-09
163 0 7.45e-10 -7.94e-09
164 0 6.112e-09 3.671e-09
165 0 6.112e-09 -3.671e-09
166 0 2.4e-10 9.85e-10
167 0 1.002e-09 -7.37e-09
168 0 2.17e-10 7.002e-09
169 0 2.588e-09 -1.1084e-08
170 0 2.588e-09 1.1084e-08
171 0 8.572e-09 -8.055e-09
172 0 8.572e-09 8.055e-09
173 0 3.29e-10 -1.0198e-08
174 0 3.29e-10 1.0198e-08
175 0 8.39e-10 -2.713e-09
176 0 1.007e-09 -2.803e-09
177 0 1.07e-10 -1.757e-09
178 0 8.154e-09 -9.297e-09
179 0 8.154e-09 9.297e-09
180 0 4.78e-10 6.187e-09
181 0 2.75e-10 6.279e-09
182 0 5.186e-09 7.818e-09
183 0 5.186e-09 -7.818e-09
184 0 1.28e-10 -6.505e-09
185 0 4.75e-10 6.705e-09
186 0 6.19e-10 -2.83e-09
187 0 6.14e-10 -3.025e-09
188 0 8.89e-10 -4.64e-10
189 0 1.102e-09 -4.93e-10
190 0 4.27e-10 1.67e-09
191 0 9.99e-10 -9.7e-10
192 0 1.15e-10 -2.18e-10
193 0 4.66e-10 -5.507e-09
194 0 1.218e-09 6.058e-09
195 0 5.712e-09 8.348e-09
196 0 5.712e-09 -8.348e-09
197 0 1.051e-09 6.129e-09
198 0 1.03e-10 2.29e-10
199 0 1.05e-10 6.847e-09
200 0 6.291e-09 -6.8e-09
201 0 6.291e-09 6.8e-09
202 0 4.66e-10 3.897e-09
203 0 1.12e-10 -3.341e-09
204 0 1.3418e-08 -3.718e-09
205 0 1.3418e-08 3.718e-09
206 0 1.122e-09 -3.552e-09
207 0 2.182e-09 -1.2992e-08
208 0 2.182e-09 1.2992e-08
209 0 7.96e-10 4.476e-09
210 0 1.1e-10 -7.724e-09
211 0 1.1e-10 7.724e-09
212 0 4.041e-09 1.0329e-08
213 0 4.041e-09 -1.0329e-08
214 0 2.35e-10 -4.284e-09
215 0 2.43e-10 -7.603e-09
216 0 2.43e-10 7.603e-09
217 0 1.1209e-08 1.2313e-08
218 0 1.1209e-08 -1.2313e-08
219 0 1.19e-10 -4.499e-09
220 0 1.2e-10 -5.3e-09
221 0 1.27e-10 -2.909e-09
222 0 1.1548e-08 1.2998e-08
223 0 1.1548e-08 -1.2998e-08
224 0 1.22e-10 3.701e-09
225 0 1.2e-10 2.899e-09
226 0 1.3e-08 -1.2428e-08
227 0 1.3e-08 1.2428e-08
228 0 1.18e-10 4.096e-09
229 0 1.12e-10 5.268e-09
230 0 1.696e-09 -1.111e-08
231 0 1.696e-09 1.111e-08
232 0 7.694e-09 -4.633e-09
233 0 7.694e-09 4.633e-09
234 0 8.48e-10 -6.58e-09
235 0 1.054e-09 1.945e-09
236 0 9.68e-09 1.2596e-08
237 0 9.68e-09 -1.2596e-08
238 0 1.21e-10 -5.703e-09
239 0 5.93e-10 4.48e-09
240 0 9.598e-09 1.3268e-08
241 0 9.598e-09 -1.3268e-08
242 0 6.1e-10 -6.573e-09
243 0 8.11e-10 -7.034e-09
244 0 4.59e-10 -4.284e-09
245 0 4.63e-10 -6.703e-09
246 0 1.106e-09 -4.276e-09
247 0 8.85e-10 -4.293e-09
248 0 1.11e-09 3.915e-09
249 0 8.96e-10 3.911e-09
250 0 8.85e-10 -5.516e-09
251 0 1.107e-09 -5.529e-09
252 0 1.134e-09 2.703e-09
253 0 9.08e-10 2.675e-09
254 0 1.0723e-08 -1.0763e-08
255 0 1.0723e-08 1.0763e-08
256 0 4.63e-10 -6.903e-09
257 0 8.618e-09 -2.573e-09
258 0 8.618e-09 2.573e-09
259 0 8.21e-10 1.324e-09
260 0 8.17e-10 -1.324e-09
261 0 8.14e-10 7.279e-09
262 0 7.61e-10 1.514e-09
263 0 1.2e-09 1.32e-09
264 0 7.42e-10 -1.516e-09
265 0 7.39e-10 7.087e-09
266 0 1.194e-09 -1.326e-09
267 0 1.198e-09 7.281e-09
268 0 8.18e-10 8.78e-10
269 0 7.43e-10 6.88e-10
270 0 1.198e-09 8.81e-10
271 0 1.18e-10 4.888e-09
272 0 4.01e-10 5.35e-10
273 0 1.01e-10 2.519e-09
274 0 9.28e-10 -6.356e-09
275 0 1.3341e-08 -7.339e-09
276 0 1.3341e-08 7.339e-09
277 0 2.29e-10 5.056e-09
278 0 1.185e-09 -6.749e-09
279 0 2.45e-10 -2.71e-09
280 0 4.52e-10 7.693e-09
281 0 4.52e-10 -7.693e-09
282 0 8.912e-09 -1.1986e-08
283 0 8.912e-09 1.1986e-08
284 0 1.062e-09 -2.034e-09
285 0 8.41e-10 -3.151e-09
286 0 1.015e-09 -3.045e-09
287 0 4.98e-10 -7.273e-09
288 0 6.04e-10 -7.036e-09
289 0 5.38e-10 5.827e-09
290 0 2.289e-09 9.429e-09
291 0 2.289e-09 -9.429e-09
292 0 9.345e-09 -4.009e-09
293 0 9.345e-09 4.009e-09
294 0 8.231e-09 -1.226e-08
295 0 8.231e-09 1.226e-08
296 0 8.17e-10 5.32e-10
297 0 8.49e-10 1.667e-09
298 0 8.19e-10 -1.716e-09
299 0 8.21e-10 6.939e-09
300 0 5.26e-10 -6.345e-09
301 0 6.09e-10 7.59e-09
302 0 6.09e-10 -7.59e-09
303 0 4.63e-10 -2.689e-09
304 0 4.61e-10 -4.66e-10
305 0 1.201e-09 4.477e-09
306 0 8.92e-10 -4.664e-09
307 0 1.105e-09 3.54e-09
308 0 8.93e-10 -5.137e-09
309 0 1.3029e-08 -6.763e-09
310 0 1.3029e-08 6.763e-09
311 0 2.21e-10 2.718e-09
312 0 2.24e-10 -7.007e-09
313 0 1.398e-09 -1.0498e-08
314 0 1.398e-09 1.0498e-08
315 0 1.1112e-08 4.714e-09
316 0 1.1112e-08 -4.714e-09
317 0 6.36e-10 -7.401e-09
318 0 4.82e-10 5.653e-09
319 0 8.07e-10 -3.728e-09
320 0 1.135e-09 -7.039e-09
321 0 1.256e-09 -6.96e-09
322 0 1.16e-10 -4.085e-09
323 0 6.25e-10 -1e-09
324 0 9.294e-09 1.1267e-08
325 0 9.294e-09 -1.1267e-08
326 0 1.1859e-08 6.384e-09
327 0 1.1859e-08 -6.384e-09
328 0 5.14e-10 -3.909e-09
329 0 1.037e-09 6.656e-09
330 0 1e-10 5.725e-09
331 0 1.04e-09 2.51e-10
332 0 1.183e-09 8.8e-11
333 0 8.38e-10 -7.271e-09
334 0 7.519e-09 1.1994e-08
335 0 7.519e-09 -1.1994e-08
336 0 6.395e-09 7.857e-09
337 0 6.395e-09 -7.857e-09
338 0 4.1e-10 -1.66e-09
339 0 9.05e-10 3.069e-09
340 0 8.97e-10 4.289e-09
341 0 9.36e-10 -6.913e-09
342 0 8.05e-10 -3.357e-09
343 0 9.25e-10 -3.517e-09
344 0 4.45e-10 2.697e-09
345 0 4.81e-10 -8.68e-10
346 0 1.0942e-08 2.641e-09
347 0 1.0942e-08 -2.641e-09
348 0 1.209e-09 -6.7e-10
349 0 7.81e-10 -6.39e-10
350 0 1.173e-09 -7.259e-09
351 0 9.5e-11 -6.868e-09
352 0 1.094e-09 -4.662e-09
353 0 9.07e-10 3.539e-09
354 0 1.095e-09 -5.138e-09
355 0 3.48e-10 -3.831e-09
356 0 1.115e-09 4.988e-09
357 0 8.85e-10 4.988e-09
358 0 5.76e-10 -4.097e-09
359 0 9.68e-10 -6.722e-09
360 0 1.2479e-08 1.3082e-08
361 0 1.2479e-08 -1.3082e-08
362 0 4.8e-10 4.671e-09
363 0 5.69e-10 4.841e-09
364 0 1.19e-09 -5.72e-09
365 0 8.24e-10 -8.7e-10
366 0 1.172e-09 -8.72e-10
367 0 8.257e-09 1.0215e-08
368 0 9.031e-09 1.0546e-08
369 0 8.257e-09 -1.0215e-08
370 0 9.031e-09 -1.0546e-08
371 0 8.32e-10 2.477e-09
372 0 6.36e-10 -3.739e-09
373 0 4.08e-10 6.944e-09
374 0 1.18e-10 -2.501e-09
375 0 1.0071e-08 -3.679e-09
376 0 1.0824e-08 -3.953e-09
377 0 1.0071e-08 3.679e-09
378 0 1.0824e-08 3.953e-09
379 0 5.84e-10 3.73e-09
380 0 5.18e-10 3.53e-09
381 0 5.7e-10 5.174e-09
382 0 5e-10 5.343e-09
383 0 8.16e-10 -2.509e-09
384 0 9.59e-10 -2.365e-09
385 0 9.553e-09 -7.063e-09
386 0 9.253e-09 -7.76e-09
387 0 9.253e-09 7.76e-09
388 0 9.553e-09 7.063e-09
389 0 1.86e-10 -3.887e-09
390 0 2.24e-10 -6.674e-09
391 0 9.6e-11 6.096e-09
392 0 1.94e-10 -7.173e-09
393 0 3.27e-10 -7.307e-09
394 0 8.26e-10 2.149e-09
395 0 1.105e-09 3.075e-09
396 0 8.79e-10 -5.888e-09
397 0 1.101e-09 4.29e-09
398 0 5.76e-10 -4.471e-09
399 0 5.78e-10 -5.333e-09
400 0 7.87e-10 -4.464e-09
401 0 1.211e-09 3.742e-09
402 0 7.88e-10 -5.34e-09
403 0 5.634e-09 -6.506e-09
404 0 5.634e-09 6.506e-09
405 0 1.1321e-08 9.255e-09
406 0 1.1321e-08 -9.255e-09
407 0 1.1469e-08 -1.0946e-08
408 0 1.1469e-08 1.0946e-08
409 0 4.48e-10 5.021e-09
410 0 8.06e-10 5.503e-09
411 0 9e-10 -3.913e-09
412 0 1.215e-09 4.827e-09
413 0 7.85e-10 4.826e-09
414 0 1.2186e-08 -7.018e-09
415 0 1.1993e-08 -7.805e-09
416 0 1.1993e-08 7.805e-09
417 0 1.2186e-08 7.018e-09
418 0 1.2886e-08 -1.1036e-08
419 0 1.2605e-08 -1.1701e-08
420 0 1.2605e-08 1.1701e-08
421 0 1.2886e-08 1.1036e-08
422 0 9.731e-09 -5.541e-09
423 0 9.731e-09 5.541e-09
424 0 1.097e-09 -9.5e-11
425 0 8.22e-10 -2.45e-10
426 0 1.21e-09 -4.444e-09
427 0 7.98e-10 3.738e-09
428 0 1.212e-09 -5.354e-09
429 0 5.62e-10 -3.397e-09
430 0 5.12e-10 -3.567e-09
431 0 1.2145e-08 1.0539e-08
432 0 1.2145e-08 -1.0539e-08
433 0 5.76e-10 4.093e-09
434 0 4.78e-10 4.287e-09
435 0 5.15e-10 3.068e-09
436 0 5.79e-10 2.847e-09
437 0 1.2745e-08 8.051e-09
438 0 1.2745e-08 -8.051e-09
439 0 6.13e-10 1.19e-09
440 0 6.09e-10 -1.188e-09
441 0 6.08e-10 7.413e-09
442 0 5.07e-10 -5.883e-09
443 0 5.76e-10 -5.684e-09
444 0 1.0471e-08 -7.1e-09
445 0 1.0471e-08 7.1e-09
446 0 6.13e-10 1.011e-09
447 0 6.21e-10 5.503e-09
448 0 7.338e-09 -9.016e-09
449 0 7.338e-09 9.016e-09
450 0 5.641e-09 -5.07e-09
451 0 5.641e-09 5.07e-09
452 0 5.12e-10 -4.671e-09
453 0 5.13e-10 -5.129e-09
454 0 4.01e-10 5.962e-09
455 0 7.563e-09 1.0512e-08
456 0 7.243e-09 1.1297e-08
457 0 7.563e-09 -1.0512e-08
458 0 7.243e-09 -1.1297e-08
459 0 5.21e-10 7.896e-09
460 0 5.21e-10 -7.896e-09
461 0 1.99e-10 -7.435e-09
462 0 6.5e-11 -7.301e-09
463 0 1.97e-10 -1.036e-09
464 0 1.446e-09 1.2908e-08
465 0 1.446e-09 -1.2908e-08
466 0 1.187e-09 -4.089e-09
467 0 6.982e-09 -1.2788e-08
468 0 6.982e-09 1.2788e-08
469 0 7.93e-10 2.846e-09
470 0 7.126e-09 8.216e-09
471 0 7.126e-09 -8.216e-09
472 0 7.91e-10 4.099e-09
473 0 8.36e-10 6.045e-09
474 0 9.05e-10 5.325e-09
475 0 1.092e-09 5.325e-09
476 0 1.186e-09 5.501e-09
477 0 7.91e-10 5.156e-09
478 0 1.207e-09 5.156e-09
479 0 9.05e-10 5.7e-09
480 0 1.227e-09 5.86e-09
481 0 5.72e-10 -6.37e-10
482 0 9.1e-11 -8.064e-09
483 0 9.1e-11 8.064e-09
484 0 1.039e-09 6.321e-09
485 0 1.096e-09 -1.2348e-08
486 0 1.096e-09 1.2348e-08
487 0 1.219e-09 2.879e-09
488 0 7.85e-10 -5.685e-09
489 0 4.411e-09 -1.303e-08
490 0 4.411e-09 1.303e-08
491 0 1.21e-09 4.104e-09
492 0 7.49e-09 -1.3402e-08
493 0 7.49e-09 1.3402e-08
494 0 8.7e-10 1.992e-09
495 0 1.099e-09 5.7e-09
496 0 7.76e-10 5.874e-09
497 0 1.0396e-08 -1.2176e-08
498 0 1.0396e-08 1.2176e-08
499 0 3.634e-09 -1.3172e-08
500 0 3.634e-09 1.3172e-08
501 0 2.23e-10 1.199e-08
502 0 2.23e-10 -1.199e-08
503 0 9.19e-09 2.321e-09
504 0 9.19e-09 -2.321e-09
505 0 7e-11 -3.702e-09
506 0 9.47e-10 2.309e-09
507 0 7.216e-09 -2.174e-09
508 0 7.216e-09 2.174e-09
509 0 7.91e-10 -4.113e-09
510 0 5.674e-09 9.243e-09
511 0 5.674e-09 -9.243e-09
512 0 9.211e-09 -4.838e-09
513 0 9.211e-09 4.838e-09
514 0 1.075e-09 -3.906e-09
515 0 4.22e-09 -1.1579e-08
516 0 4.766e-09 -1.2205e-08
517 0 4.22e-09 1.1579e-08
518 0 4.766e-09 1.2205e-08
519 0 7.845e-09 -7.646e-09
520 0 7.845e-09 7.646e-09
521 0 9.906e-09 8.355e-09
522 0 9.906e-09 -8.355e-09
523 0 1.062e-09 -5.909e-09
524 0 1.87e-10 -7.82e-10
525 0 4.58e-10 1.301e-09
526 0 4.54e-10 -1.299e-09
527 0 4.53e-10 7.301e-09
528 0 9.31e-10 -7.1e-11
529 0 1.201e-09 -2.97e-10
530 0 6.48e-10 2.188e-09
531 0 1.1745e-08 1.167e-08
532 0 1.1745e-08 -1.167e-08
533 0 6.4e-11 -9.14e-10
534 0 4.53e-10 8.96e-10
535 0 3.39e-10 -8.774e-09
536 0 3.39e-10 8.774e-09
537 0 1.97e-10 5.921e-09
538 0 1.335e-09 -8.034e-09
539 0 1.335e-09 8.034e-09
540 0 9.798e-09 2.417e-09
541 0 9.798e-09 -2.417e-09
542 0 3.2e-10 -9.04e-10
543 0 1.165e-09 6.483e-09
544 0 1.648e-09 -9.861e-09
545 0 1.648e-09 9.861e-09
546 0 3.21e-10 -1.1053e-08
547 0 3.21e-10 1.1053e-08
548 0 2.46e-10 1.3063e-08
549 0 2.46e-10 -1.3063e-08
550 0 8.203e-09 -1.3112e-08
551 0 8.203e-09 1.3112e-08
552 0 4.501e-09 -1.0887e-08
553 0 4.501e-09 1.0887e-08
554 0 1.0187e-08 1.1351e-08
555 0 1.0187e-08 -1.1351e-08
556 0 1.96e-10 -9.399e-09
557 0 1.96e-10 9.399e-09
558 0 2.01e-10 -7.926e-09
559 0 2.01e-10 7.926e-09
560 0 5.12e-10 -1.491e-09
561 0 5.11e-10 7.11e-09
562 0 5.31e-10 1.491e-09
563 0 5.169e-09 -1.0596e-08
564 0 5.169e-09 1.0596e-08
565 0 8.4e-09 -5.197e-09
566 0 8.4e-09 5.197e-09
567 0 8.803e-09 1.3511e-08
568 0 8.803e-09 -1.3511e-08
569 0 5.11e-10 7.06e-10
570 0 1.172e-09 1.169e-08
571 0 1.172e-09 -1.169e-08
572 0 1.2486e-08 2.463e-09
573 0 1.2486e-08 -2.463e-09
574 0 5.25e-10 -9.717e-09
575 0 5.25e-10 9.717e-09
576 0 1.0181e-08 2.88e-09
577 0 1.0181e-08 -2.88e-09
578 0 1.178e-09 -3.757e-09
579 0 1.099e-09 4.652e-09
580 0 8.98e-10 4.651e-09
581 0 4.471e-09 9.565e-09
582 0 5.087e-09 9.706e-09
583 0 5.087e-09 -9.706e-09
584 0 4.471e-09 -9.565e-09
585 0 5.45e-10 1.863e-09
586 0 4.99e-10 2.057e-09
587 0 3.45e-10 -3.62e-09
588 0 1.82e-10 -3.543e-09
589 0 6.51e-10 -1.0609e-08
590 0 6.51e-10 1.0609e-08
591 0 5.432e-09 3.539e-09
592 0 5.432e-09 -3.539e-09
593 0 4.247e-09 8.942e-09
594 0 4.247e-09 -8.942e-09
595 0 4.891e-09 -1.3604e-08
596 0 4.891e-09 1.3604e-08
597 0 1.361e-08 2.864e-09
598 0 1.361e-08 -2.864e-09
599 0 5e-10 1.3647e-08
600 0 5e-10 -1.3647e-08
601 0 7.37e-10 1.837e-09
602 0 4.03e-10 -8.007e-09
603 0 4.03e-10 8.007e-09
604 0 4.69e-10 1.2516e-08
605 0 4.69e-10 -1.2516e-08
606 0 8.66e-10 8.21e-09
607 0 8.66e-10 -8.21e-09
608 0 5.432e-09 -5.791e-09
609 0 5.432e-09 5.791e-09
610 0 3.576e-09 8.988e-09
611 0 3.576e-09 -8.988e-09
612 0 1.072e-09 1.366e-08
613 0 1.072e-09 -1.366e-08
614 0 5.45e-10 -1.1522e-08
615 0 5.45e-10 1.1522e-08
616 0 1.098e-09 -8.97e-09
617 0 1.098e-09 8.97e-09
618 0 2.292e-09 -8.797e-09
619 0 2.292e-09 8.797e-09
620 0 1.322e-08 2.397e-09
621 0 1.322e-08 -2.397e-09
622 0 1.096e-09 -9.491e-09
623 0 1.096e-09 9.491e-09
624 0 5.459e-09 -2.428e-09
625 0 5.459e-09 2.428e-09
626 0 3.404e-09 8.473e-09
627 0 3.404e-09 -8.473e-09
628 0 6.7e-10 -8.755e-09
629 0 6.7e-10 8.755e-09
630 0 1.422e-09 8.693e-09
631 0 1.422e-09 -8.693e-09
632 0 2.816e-09 -8.46e-09
633 0 2.816e-09 8.46e-09
634 0 1.842e-09 8.623e-09
635 0 1.842e-09 -8.623e-09
636 0 6.049e-09 -2.293e-09
637 0 6.049e-09 2.293e-09
638 0 1.184e-09 -8.283e-09
639 0 1.184e-09 8.283e-09
640 0 5.167e-09 -2.997e-09
641 0 5.167e-09 2.997e-09
642 0 1.43e-10 -8.463e-09
643 0 1.43e-10 8.463e-09
644 0 5.212e-09 -7.033e-09
645 0 5.212e-09 7.033e-09
646 0 6.76e-10 8.405e-09
647 0 6.76e-10 -8.405e-09
648 0 2.34e-10 -8.285e-09
649 0 2.34e-10 8.285e-09
650 0 4.36e-10 -8.246e-09
651 0 4.36e-10 8.246e-09
