i status r z
<type 'numpy.int64'> <type 'numpy.int64'> <type 'numpy.float64'> <type 'numpy.float64'>
2535 2535 2535 2535
0 0 1.0443e-08 -5.74e-09
1 0 1.0449e-08 5.771e-09
2 0 1.0824e-08 -5.875e-09
3 0 1.0822e-08 5.899e-09
4 0 8.932e-09 -6.506e-09
5 0 8.87e-09 -6.133e-09
6 0 8.119e-09 1.0754e-08
7 0 9.413e-09 -6.686e-09
8 0 8.862e-09 6.507e-09
9 0 9.231e-09 6.376e-09
10 0 9.683e-09 -1.1023e-08
11 0 9.421e-09 -7.083e-09
12 0 8.19e-10 2.864e-09
13 0 8.1e-10 2.771e-09
14 0 8.533e-09 1.0724e-08
15 0 9.79e-10 -2.651e-09
16 0 5.4e-10 -6.51e-09
17 0 1.098e-09 -7.14e-09
18 0 1.103e-09 -7.44e-10
19 0 1.103e-09 7.44e-10
20 0 7.272e-09 -7.415e-09
21 0 7.19e-10 -3.736e-09
22 0 1.352e-09 1.1685e-08
23 0 1.352e-09 -1.1685e-08
24 0 7.629e-09 -7.243e-09
25 0 9.302e-09 -1.0929e-08
26 0 1.351e-08 -1.2032e-08
27 0 5.086e-09 1.1522e-08
28 0 5.073e-09 -1.1543e-08
29 0 7.3e-11 5.002e-09
30 0 1.037e-09 2.951e-09
31 0 8.48e-10 3.372e-09
32 0 1.3876e-08 -1.1876e-08
33 0 6.29e-10 -6.549e-09
34 0 1.293e-09 8.053e-09
35 0 1.293e-09 -8.053e-09
36 0 7.26e-10 6.194e-09
37 0 1.3791e-08 1.2063e-08
38 0 1.3619e-08 1.1692e-08
39 0 3.992e-09 1.0984e-08
40 0 8.08e-10 6.156e-09
41 0 9.51e-10 -1.1556e-08
42 0 9.51e-10 1.1556e-08
43 0 5.8e-11 -7.039e-09
44 0 1.064e-09 -2.641e-09
45 0 1.38e-10 -6.986e-09
46 0 6.6e-11 6.399e-09
47 0 7.9e-11 -2.2e-09
48 0 7e-11 -3.817e-09
49 0 7.938e-09 -8.454e-09
50 0 8.768e-09 1.2962e-08
51 0 8.105e-09 -7.544e-09
52 0 8.308e-09 -1.0688e-08
53 0 5.207e-09 1.1191e-08
54 0 5.193e-09 -1.1212e-08
55 0 1.23e-10 -5.275e-09
56 0 7.193e-09 6.774e-09
57 0 4.186e-09 1.069e-08
58 0 3.76e-10 -4.273e-09
59 0 8.619e-09 -2.342e-09
60 0 8.619e-09 2.342e-09
61 0 7.581e-09 -8.502e-09
62 0 1.1e-09 -7.576e-09
63 0 1.1e-09 7.576e-09
64 0 1.36e-10 -3.944e-09
65 0 6.01e-10 -7.941e-09
66 0 6.01e-10 7.941e-09
67 0 1.25e-10 -3.737e-09
68 0 1.11e-09 2.853e-09
69 0 1.221e-09 -9.12e-09
70 0 1.221e-09 9.12e-09
71 0 9.25e-10 2.7e-09
72 0 7.7e-11 -0.0
73 0 1.3523e-08 -3.501e-09
74 0 1.3523e-08 3.501e-09
75 0 3.79e-10 -3.379e-09
76 0 8.51e-10 3.283e-09
77 0 8.5e-10 -4.117e-09
78 0 5.06e-10 -7.897e-09
79 0 5.06e-10 7.897e-09
80 0 1.17e-09 -4.731e-09
81 0 1.086e-09 -4.664e-09
82 0 1.31e-10 -1.372e-09
83 0 1.31e-10 7.228e-09
84 0 3.84e-10 -4.38e-09
85 0 9.31e-10 -4.164e-09
86 0 8.6e-10 -9.129e-09
87 0 8.6e-10 9.129e-09
88 0 1.42e-10 5.71e-10
89 0 1.42e-10 -5.71e-10
90 0 5.1e-10 -3.542e-09
91 0 1.28e-10 6.083e-09
92 0 5.9e-11 2.2e-09
93 0 1.1642e-08 2.057e-09
94 0 1.1642e-08 -2.057e-09
95 0 6.1e-11 -1.436e-09
96 0 6.1e-11 7.164e-09
97 0 4.018e-09 -1.1028e-08
98 0 4.21e-09 -1.0732e-08
99 0 8.776e-09 1.0359e-08
100 0 8.712e-09 -1.0339e-08
101 0 1.176e-09 2.639e-09
102 0 1.43e-10 6.969e-09
103 0 1.43e-10 -1.631e-09
104 0 8.724e-09 1.3359e-08
105 0 1.14e-10 -8.623e-09
106 0 1.14e-10 8.623e-09
107 0 1.075e-09 -6.09e-09
108 0 5.314e-09 7.843e-09
109 0 5.314e-09 -7.843e-09
110 0 1.171e-09 -6.141e-09
111 0 9.011e-09 -7.362e-09
112 0 1.007e-09 -7.219e-09
113 0 1.01e-09 -8.11e-10
114 0 1.01e-09 8.11e-10
115 0 3.25e-10 -7.889e-09
116 0 3.91e-10 -7.965e-09
117 0 3.25e-10 7.889e-09
118 0 3.91e-10 7.965e-09
119 0 9.41e-10 3.531e-09
120 0 9.49e-10 3.427e-09
121 0 7.707e-09 1.2928e-08
122 0 7.932e-09 1.257e-08
123 0 5.646e-09 -3.308e-09
124 0 5.646e-09 3.308e-09
125 0 9.14e-10 6.198e-09
126 0 1.0986e-08 1.3853e-08
127 0 1.0986e-08 -1.3853e-08
128 0 1.31e-10 -8.29e-10
129 0 1.31e-10 8.29e-10
130 0 3.51e-10 8.075e-09
131 0 3.51e-10 -8.075e-09
132 0 8.538e-09 -7.219e-09
133 0 2.14e-10 1.3728e-08
134 0 2.14e-10 -1.3728e-08
135 0 1.43e-10 1.636e-09
136 0 8.07e-10 -6.08e-09
137 0 5.566e-09 -9.731e-09
138 0 5.512e-09 9.728e-09
139 0 8.22e-10 -6.178e-09
140 0 6.6e-11 -4.026e-09
141 0 6.1e-11 -7.66e-10
142 0 6.1e-11 7.66e-10
143 0 2.14e-10 -1.3275e-08
144 0 2.14e-10 1.3275e-08
145 0 1.2896e-08 1.1307e-08
146 0 1.2916e-08 -1.1313e-08
147 0 1.3145e-08 9.093e-09
148 0 1.2938e-08 9.563e-09
149 0 1.3139e-08 -9.098e-09
150 0 1.2911e-08 -9.554e-09
151 0 1.3177e-08 -1.0968e-08
152 0 9.16e-10 1.636e-09
153 0 9.979e-09 -6.012e-09
154 0 1.0054e-08 6.064e-09
155 0 4.23e-10 8.135e-09
156 0 4.23e-10 -8.135e-09
157 0 7.565e-09 7.025e-09
158 0 1.2017e-08 2.144e-09
159 0 1.2017e-08 -2.144e-09
160 0 9.553e-09 1.0037e-08
161 0 6.24e-10 -3.812e-09
162 0 8.01e-10 1.841e-09
163 0 9.13e-10 1.913e-09
164 0 7.584e-09 7.496e-09
165 0 9.52e-10 6.3e-09
166 0 1.3073e-08 1.1672e-08
167 0 8.54e-10 3.601e-09
168 0 1.35e-10 -8.005e-09
169 0 1.35e-10 8.005e-09
170 0 3.75e-10 1.2955e-08
171 0 3.75e-10 -1.2955e-08
172 0 5.607e-09 -3.691e-09
173 0 5.607e-09 3.691e-09
174 0 1.134e-09 -3.54e-09
175 0 8.71e-10 5.062e-09
176 0 8.183e-09 -2.506e-09
177 0 8.183e-09 2.506e-09
178 0 6.71e-10 -4.806e-09
179 0 6.3e-10 -4.907e-09
180 0 6.01e-10 -3.537e-09
181 0 1.03e-08 -7.239e-09
182 0 1.0304e-08 7.239e-09
183 0 9.255e-09 1.1973e-08
184 0 6.732e-09 6.955e-09
185 0 1.3809e-08 5.938e-09
186 0 1.3814e-08 -5.943e-09
187 0 1.1784e-08 1.3655e-08
188 0 1.1354e-08 1.351e-08
189 0 1.1348e-08 -1.3514e-08
190 0 1.1778e-08 -1.3658e-08
191 0 1.3582e-08 6.201e-09
192 0 1.3588e-08 -6.206e-09
193 0 7.561e-09 6.079e-09
194 0 1.1445e-08 -9.881e-09
195 0 1.1429e-08 9.883e-09
196 0 1.2863e-08 -3.18e-09
197 0 1.2535e-08 -3.294e-09
198 0 1.2863e-08 3.18e-09
199 0 1.2535e-08 3.294e-09
200 0 8.19e-09 3.385e-09
201 0 7.977e-09 3.009e-09
202 0 7.977e-09 -3.009e-09
203 0 8.19e-09 -3.385e-09
204 0 8.6e-10 -5.111e-09
205 0 3.01e-10 -3.45e-09
206 0 1.1051e-08 -9.031e-09
207 0 1.1053e-08 9.029e-09
208 0 8.14e-10 4.529e-09
209 0 1.062e-09 4.232e-09
210 0 6.1e-11 3.614e-09
211 0 7.14e-10 4.525e-09
212 0 1.3589e-08 -3.075e-09
213 0 1.3589e-08 3.075e-09
214 0 1.0418e-08 -6.798e-09
215 0 1.0415e-08 6.823e-09
216 0 1.563e-09 -9.435e-09
217 0 1.563e-09 9.435e-09
218 0 5.937e-09 -9.629e-09
219 0 5.878e-09 9.596e-09
220 0 1.064e-09 1.341e-09
221 0 3.76e-10 1.632e-09
222 0 3.5e-10 1.756e-09
223 0 7.3e-11 5.592e-09
224 0 1.018e-09 1.432e-09
225 0 1.318e-09 2.983e-09
226 0 1.242e-09 3.085e-09
227 0 1.062e-09 6.054e-09
228 0 7.234e-09 6.267e-09
229 0 6.1e-11 6.32e-10
230 0 6.1e-11 -6.32e-10
231 0 7.765e-09 8.876e-09
232 0 1.149e-09 6.125e-09
233 0 1.092e-09 -3.1e-09
234 0 9.06e-10 5.499e-09
235 0 7.05e-10 4.306e-09
236 0 6.54e-10 4.412e-09
237 0 1.299e-09 -2.7e-09
238 0 1.218e-09 -2.667e-09
239 0 8.586e-09 8.824e-09
240 0 8.658e-09 8.262e-09
241 0 8.602e-09 -8.809e-09
242 0 8.658e-09 -8.29e-09
243 0 9.203e-09 -1.0448e-08
244 0 1.155e-09 4.218e-09
245 0 1.18e-10 5.102e-09
246 0 1.321e-09 -2.993e-09
247 0 8.796e-09 7.055e-09
248 0 1.12e-10 3.532e-09
249 0 1.0192e-08 -3.373e-09
250 0 5.279e-09 3.001e-09
251 0 5.279e-09 -3.001e-09
252 0 1.2896e-08 -8.766e-09
253 0 1.2899e-08 8.757e-09
254 0 7.4e-11 -6.4e-09
255 0 9.99e-10 -3.047e-09
256 0 9.95e-10 5.554e-09
257 0 3.427e-09 -1.2966e-08
258 0 3.427e-09 1.2966e-08
259 0 1.21e-10 5.686e-09
260 0 3.18e-10 -2.605e-09
261 0 2.88e-10 -2.704e-09
262 0 4.6e-10 -4.231e-09
263 0 1.201e-09 -7.177e-09
264 0 1.204e-09 -7.86e-10
265 0 1.204e-09 7.86e-10
266 0 9.96e-10 -7.638e-09
267 0 9.96e-10 7.638e-09
268 0 6.83e-10 1.918e-09
269 0 8.78e-10 3.73e-09
270 0 1.3131e-08 7.363e-09
271 0 1.3134e-08 -7.36e-09
272 0 9.078e-09 8.102e-09
273 0 9.234e-09 7.705e-09
274 0 9.202e-09 -7.739e-09
275 0 9.056e-09 -8.142e-09
276 0 8.59e-10 2.7e-10
277 0 6.1e-11 7.031e-09
278 0 6.1e-11 -1.569e-09
279 0 1.3167e-08 -3.567e-09
280 0 1.3167e-08 3.567e-09
281 0 1.94e-10 -9.006e-09
282 0 1.94e-10 9.006e-09
283 0 1.201e-09 -7.634e-09
284 0 1.201e-09 7.634e-09
285 0 8.8e-10 6.672e-09
286 0 1.1396e-08 -1.0306e-08
287 0 1.1372e-08 1.0307e-08
288 0 1.3127e-08 1.3687e-08
289 0 1.2651e-08 1.3706e-08
290 0 1.2654e-08 -1.3709e-08
291 0 1.3133e-08 -1.3694e-08
292 0 7.3e-11 4.2e-09
293 0 9.78e-10 3.765e-09
294 0 1.1395e-08 1.2731e-08
295 0 1.194e-09 5.54e-09
296 0 8.02e-10 -3.08e-09
297 0 1.54e-09 -9.901e-09
298 0 1.54e-09 9.901e-09
299 0 8.142e-09 9.091e-09
300 0 7.99e-10 6.594e-09
301 0 1.104e-09 5.476e-09
302 0 9.02e-10 -3.133e-09
303 0 1.1164e-08 1.3002e-08
304 0 1.18e-09 -4.068e-09
305 0 5.45e-09 2.631e-09
306 0 5.45e-09 -2.631e-09
307 0 1.2941e-08 -2.58e-09
308 0 1.2941e-08 2.58e-09
309 0 1.165e-09 2.524e-09
310 0 6.39e-10 -5.198e-09
311 0 7.93e-10 2e-10
312 0 1.031e-09 4.325e-09
313 0 1.226e-09 -3.48e-09
314 0 7.83e-10 5.118e-09
315 0 9.07e-10 1.176e-09
316 0 7.68e-10 -3.525e-09
317 0 1.028e-09 1.867e-09
318 0 5.32e-10 -6.358e-09
319 0 1.0574e-08 1.3626e-08
320 0 1.0565e-08 -1.3635e-08
321 0 1.1013e-08 -6.282e-09
322 0 1.101e-08 6.311e-09
323 0 9.129e-09 7.299e-09
324 0 9.63e-10 -7.772e-09
325 0 9.63e-10 7.772e-09
326 0 3.267e-09 -1.2608e-08
327 0 3.267e-09 1.2608e-08
328 0 1.238e-09 1.748e-09
329 0 1.25e-08 -9.589e-09
330 0 1.254e-08 9.62e-09
331 0 8.56e-10 -3.517e-09
332 0 1.0754e-08 4.187e-09
333 0 1.0383e-08 4.049e-09
334 0 1.0208e-08 -3.764e-09
335 0 5.7e-11 1.573e-09
336 0 3.13e-10 2.755e-09
337 0 1.3869e-08 3.98e-09
338 0 1.3869e-08 -3.98e-09
339 0 1.24e-09 -7.764e-09
340 0 1.24e-09 7.764e-09
341 0 1.276e-09 -4.073e-09
342 0 6.063e-09 2.306e-09
343 0 6.063e-09 -2.306e-09
344 0 5.304e-09 -4.854e-09
345 0 5.304e-09 4.854e-09
346 0 6.4e-11 -5.598e-09
347 0 1.06e-10 7.752e-09
348 0 1.06e-10 -7.752e-09
349 0 8.16e-10 5.759e-09
350 0 8.02e-10 1.717e-09
351 0 9.915e-09 1.3156e-08
352 0 9.927e-09 -1.3202e-08
353 0 2.39e-10 -5.262e-09
354 0 4.06e-10 2.809e-09
355 0 1.2088e-08 1.2618e-08
356 0 1.2111e-08 -1.2631e-08
357 0 9.18e-10 5.782e-09
358 0 1.183e-09 3.858e-09
359 0 1.097e-09 3.929e-09
360 0 8.31e-10 4.277e-09
361 0 9.09e-10 4.344e-09
362 0 7.58e-10 -5.211e-09
363 0 8.28e-10 -5.007e-09
364 0 2.16e-10 5.145e-09
365 0 6.079e-09 4.047e-09
366 0 6.077e-09 -4.046e-09
367 0 1.3311e-08 -2.542e-09
368 0 1.3311e-08 2.542e-09
369 0 5.427e-09 -4.487e-09
370 0 5.427e-09 4.487e-09
371 0 1.184e-09 -7.876e-09
372 0 1.045e-09 -7.879e-09
373 0 1.184e-09 7.876e-09
374 0 1.045e-09 7.879e-09
375 0 1.42e-10 -2.302e-09
376 0 1.28e-10 6.296e-09
377 0 5.44e-10 4.169e-09
378 0 6.5e-10 4.195e-09
379 0 1.1679e-08 -1.141e-08
380 0 8.74e-10 -5.885e-09
381 0 5.408e-09 -1.0514e-08
382 0 5.4e-09 1.0509e-08
383 0 5.43e-10 4.06e-10
384 0 4.44e-10 3.47e-10
385 0 1.142e-08 2.389e-09
386 0 1.142e-08 -2.389e-09
387 0 2.5e-10 6.087e-09
388 0 8.95e-10 2.588e-09
389 0 9.576e-09 -5.738e-09
390 0 7.56e-10 3.574e-09
391 0 9.04e-10 7.429e-09
392 0 9.03e-10 -1.174e-09
393 0 6.026e-09 -8.83e-09
394 0 6.163e-09 -9.163e-09
395 0 8.382e-09 7.188e-09
396 0 1.047e-09 -3.735e-09
397 0 9.5e-10 4.87e-09
398 0 9.01e-10 -7.429e-09
399 0 9.01e-10 -1.029e-09
400 0 9.01e-10 1.029e-09
401 0 6.52e-10 -2.802e-09
402 0 6.82e-10 -2.912e-09
403 0 7.8e-10 -5.874e-09
404 0 8.11e-10 1.226e-09
405 0 9.619e-09 1.2833e-08
406 0 9.601e-09 -1.2905e-08
407 0 3.12e-10 4.532e-09
408 0 3.23e-10 4.649e-09
409 0 2.3e-10 -7.902e-09
410 0 2.3e-10 7.902e-09
411 0 5.549e-09 6.515e-09
412 0 5.569e-09 -6.54e-09
413 0 1.24e-10 6.494e-09
414 0 1.39e-10 -2.102e-09
415 0 3.3e-10 -6.877e-09
416 0 9.11e-10 5.351e-09
417 0 8.17e-10 5.317e-09
418 0 1.099e-09 -3.245e-09
419 0 1.193e-09 -3.279e-09
420 0 1.093e-09 -4.258e-09
421 0 1.18e-09 -4.322e-09
422 0 6.67e-10 2.038e-09
423 0 3e-10 -4.43e-09
424 0 5.1e-11 -7.961e-09
425 0 5.1e-11 7.961e-09
426 0 9.24e-10 -5.582e-09
427 0 1.136e-09 -2.528e-09
428 0 1.18e-10 2.101e-09
429 0 7.512e-09 1.185e-08
430 0 9.525e-09 2.382e-09
431 0 9.52e-09 -2.392e-09
432 0 4.64e-10 -3.414e-09
433 0 6.436e-09 2.248e-09
434 0 6.436e-09 -2.248e-09
435 0 9.36e-10 -3.694e-09
436 0 1.063e-09 4.896e-09
437 0 1.1404e-08 -1.1704e-08
438 0 7.69e-10 -4.162e-09
439 0 8.88e-10 -5.679e-09
440 0 1.01e-09 9.55e-10
441 0 1.01e-09 -9.55e-10
442 0 1.009e-09 -7.359e-09
443 0 1.015e-09 -1.23e-09
444 0 1.015e-09 7.373e-09
445 0 5.1e-11 7.829e-09
446 0 5.1e-11 -7.829e-09
447 0 9.73e-10 6.092e-09
448 0 9.967e-09 1.005e-08
449 0 1.023e-09 1.232e-09
450 0 4.86e-10 -3.175e-09
451 0 3.44e-10 -2.155e-09
452 0 7.84e-10 -1.1179e-08
453 0 7.84e-10 1.1179e-08
454 0 1.237e-09 1.888e-09
455 0 1.25e-10 -5.492e-09
456 0 5.43e-10 6.807e-09
457 0 4.45e-10 6.746e-09
458 0 1.116e-09 -5.903e-09
459 0 1.36e-10 9.8e-11
460 0 1.35e-10 -9.8e-11
461 0 4.73e-10 1.396e-08
462 0 4.73e-10 -1.396e-08
463 0 1.06e-09 -5.783e-09
464 0 3.47e-10 -2.245e-09
465 0 9.148e-09 1.2765e-08
466 0 8.56e-10 3.109e-09
467 0 1.243e-08 -1.0366e-08
468 0 1.215e-08 -1.0722e-08
469 0 2.4e-10 4.857e-09
470 0 1.24e-10 4.9e-09
471 0 1.113e-08 -1.3015e-08
472 0 1.1369e-08 -1.2748e-08
473 0 1.159e-09 -4.865e-09
474 0 1.066e-09 -4.934e-09
475 0 5.06e-10 1.17e-09
476 0 1.1953e-08 1.2226e-08
477 0 5.884e-09 2.636e-09
478 0 5.884e-09 -2.636e-09
479 0 5.01e-10 2.558e-09
480 0 1.0079e-08 5.08e-09
481 0 3.28e-10 1.372e-09
482 0 1.184e-09 -4.456e-09
483 0 1.093e-09 -4.526e-09
484 0 1.3759e-08 1.3182e-08
485 0 1.009e-09 1.662e-09
486 0 7.35e-10 2.095e-09
487 0 7.087e-09 4.475e-09
488 0 6.991e-09 4.822e-09
489 0 1.0071e-08 -5.097e-09
490 0 1.29e-10 -7.235e-09
491 0 7.11e-10 -2.693e-09
492 0 9.716e-09 5.814e-09
493 0 1.1476e-08 -8.87e-09
494 0 1.1476e-08 8.87e-09
495 0 1.0422e-08 -5.236e-09
496 0 1.0427e-08 5.2e-09
497 0 5.09e-10 2.16e-09
498 0 6.95e-10 -3.143e-09
499 0 4.4e-10 -6.315e-09
500 0 4.04e-10 2.538e-09
501 0 5.37e-10 2.074e-09
502 0 8.04e-10 -2.676e-09
503 0 1.106e-09 3.071e-09
504 0 4.08e-10 1.941e-09
505 0 3.42e-10 -5.2e-11
506 0 1.35e-10 -8.108e-09
507 0 1.35e-10 8.108e-09
508 0 9.272e-09 1.0457e-08
509 0 8.98e-09 1.2252e-08
510 0 1.251e-09 -5.269e-09
511 0 1.325e-09 -5.194e-09
512 0 3.29e-10 4.906e-09
513 0 4.27e-10 2.38e-10
514 0 5.26e-10 -2.764e-09
515 0 3.6e-10 4.3e-11
516 0 1.174e-09 3.731e-09
517 0 1.076e-09 3.684e-09
518 0 1.15e-10 2.297e-09
519 0 6.272e-09 8.914e-09
520 0 4.95e-10 1.984e-09
521 0 1.0082e-08 -1.0793e-08
522 0 1.282e-09 6.918e-09
523 0 1.282e-09 -1.672e-09
524 0 2.374e-09 9.831e-09
525 0 2.755e-09 9.995e-09
526 0 2.375e-09 -9.832e-09
527 0 2.756e-09 -9.994e-09
528 0 2.22e-10 5.711e-09
529 0 5.8e-11 -7.172e-09
530 0 7.781e-09 8.387e-09
531 0 4.83e-10 -3.635e-09
532 0 1.3846e-08 1.2777e-08
533 0 3.05e-10 5.113e-09
534 0 1.2017e-08 -1.225e-08
535 0 4.25e-10 6.625e-09
536 0 9.04e-10 6.417e-09
537 0 8.13e-10 6.457e-09
538 0 1.1e-09 -2.444e-09
539 0 2.27e-10 4.34e-09
540 0 8.48e-10 3.024e-09
541 0 8.914e-09 9.071e-09
542 0 8.905e-09 -9.054e-09
543 0 1.34e-10 -6.499e-09
544 0 1.3663e-08 -9.146e-09
545 0 1.3808e-08 -9.59e-09
546 0 1.3666e-08 9.141e-09
547 0 1.3813e-08 9.59e-09
548 0 1.0244e-08 9.595e-09
549 0 4.22e-10 1.354e-09
550 0 8.51e-10 -1.0836e-08
551 0 8.51e-10 1.0836e-08
552 0 7.922e-09 6.184e-09
553 0 1.247e-09 5.889e-09
554 0 1.13e-09 5.859e-09
555 0 6.07e-10 -5.097e-09
556 0 4.82e-10 3.257e-09
557 0 4.82e-10 3.142e-09
558 0 1.284e-09 -6.919e-09
559 0 1.279e-09 -5.27e-10
560 0 1.279e-09 5.27e-10
561 0 2.76e-10 1.567e-09
562 0 6.6e-11 5.986e-09
563 0 8.153e-09 9.673e-09
564 0 1.33e-10 -1.741e-09
565 0 1.32e-10 6.857e-09
566 0 1.0899e-08 6.735e-09
567 0 1.0902e-08 -6.706e-09
568 0 1.3696e-08 4.299e-09
569 0 1.3696e-08 -4.299e-09
570 0 3.05e-10 -5.158e-09
571 0 8.65e-10 -2.153e-09
572 0 9.506e-09 -4.053e-09
573 0 9.419e-09 3.975e-09
574 0 5.9e-10 7.613e-09
575 0 5.9e-10 -7.613e-09
576 0 5.79e-10 7.85e-10
577 0 4.66e-10 7.78e-10
578 0 4.65e-10 -7.78e-10
579 0 5.78e-10 -7.85e-10
580 0 2.45e-10 -4.61e-09
581 0 1.127e-09 -2.726e-09
582 0 1.063e-09 2.731e-09
583 0 7.818e-09 1.0447e-08
584 0 7.871e-09 -1.0434e-08
585 0 1.183e-09 6.517e-09
586 0 1.092e-09 6.454e-09
587 0 1.083e-09 -2.143e-09
588 0 1.176e-09 -2.08e-09
589 0 4.65e-10 -1.422e-09
590 0 5.78e-10 -1.415e-09
591 0 4.66e-10 7.178e-09
592 0 5.79e-10 7.185e-09
593 0 2.86e-10 -2.883e-09
594 0 1.308e-09 3.195e-09
595 0 8.05e-10 7.382e-09
596 0 8.04e-10 -1.222e-09
597 0 6e-10 -5.395e-09
598 0 8.4e-10 -2.87e-10
599 0 7.56e-10 -2.44e-10
600 0 9.68e-10 -5.133e-09
601 0 1.32e-10 -4.6e-10
602 0 1.32e-10 4.6e-10
603 0 1.118e-09 3.302e-09
604 0 6.8e-11 4.599e-09
605 0 3.02e-10 4.296e-09
606 0 7.1e-10 1.2916e-08
607 0 7.1e-10 -1.2916e-08
608 0 8.02e-10 -7.383e-09
609 0 8.02e-10 -9.82e-10
610 0 8.02e-10 9.82e-10
611 0 1.2897e-08 -1.284e-08
612 0 9.14e-10 2.942e-09
613 0 6.2e-11 -5.18e-09
614 0 4.47e-10 -6.558e-09
615 0 8.331e-09 -1.117e-08
616 0 1.3023e-08 -1.2488e-08
617 0 7.8e-10 1.334e-09
618 0 2.47e-10 -6.302e-09
619 0 2.34e-10 -5.688e-09
620 0 1.31e-10 -6.302e-09
621 0 5.51e-10 3.324e-09
622 0 5.53e-10 3.075e-09
623 0 9.02e-10 -2.86e-09
624 0 7.97e-10 -2.945e-09
625 0 1.109e-09 5.734e-09
626 0 1.191e-09 5.664e-09
627 0 8.33e-10 -1.91e-09
628 0 7.42e-10 -1.949e-09
629 0 1.254e-09 2.872e-09
630 0 5.07e-10 1.7e-10
631 0 1.156e-09 -2.336e-09
632 0 1.076e-09 -2.258e-09
633 0 1.162e-09 6.26e-09
634 0 1.08e-09 6.329e-09
635 0 5.907e-09 9.064e-09
636 0 7.62e-10 -6.225e-09
637 0 3.26e-10 -4.56e-09
638 0 1.398e-08 -1.131e-08
639 0 1.3924e-08 1.1249e-08
640 0 1.1814e-08 1.2861e-08
641 0 1.1813e-08 -1.2873e-08
642 0 1.172e-09 -6.531e-09
643 0 1.084e-09 -6.467e-09
644 0 6.3e-10 4.638e-09
645 0 2.74e-10 -5.773e-09
646 0 7.803e-09 9.943e-09
647 0 9.538e-09 -9.998e-09
648 0 7.073e-09 -4.471e-09
649 0 6.978e-09 -4.817e-09
650 0 7.352e-09 9.206e-09
651 0 7.793e-09 2.179e-09
652 0 7.793e-09 -2.179e-09
653 0 1.2665e-08 -2.301e-09
654 0 1.2665e-08 2.301e-09
655 0 7.207e-09 -3.091e-09
656 0 7.207e-09 3.091e-09
657 0 1.115e-09 -1.604e-09
658 0 8.216e-09 -8.052e-09
659 0 8.229e-09 8.041e-09
660 0 1.29e-10 4.094e-09
661 0 1.2715e-08 7.401e-09
662 0 1.2715e-08 -7.401e-09
663 0 3.42e-10 -1.766e-09
664 0 3.41e-10 6.827e-09
665 0 8.419e-09 -5.624e-09
666 0 7.515e-09 -2.913e-09
667 0 7.515e-09 2.913e-09
668 0 5.03e-10 1.034e-09
669 0 5.03e-10 -1.034e-09
670 0 5.04e-10 -7.434e-09
671 0 1.23e-10 4.3e-09
672 0 5.328e-09 -1.0137e-08
673 0 5.32e-09 1.0133e-08
674 0 5.03e-10 -1.166e-09
675 0 5.03e-10 7.434e-09
676 0 7.85e-10 -5.309e-09
677 0 2.69e-10 1.459e-09
678 0 3.93e-10 -3.165e-09
679 0 8.153e-09 6.439e-09
680 0 3.26e-10 5.998e-09
681 0 3.06e-10 5.886e-09
682 0 9.77e-10 -4.281e-09
683 0 1.415e-09 8.036e-09
684 0 1.415e-09 -8.036e-09
685 0 1.2989e-08 -8.348e-09
686 0 1.2988e-08 8.34e-09
687 0 7.422e-09 1.0614e-08
688 0 7.343e-09 1.1055e-08
689 0 7.398e-09 -1.1082e-08
690 0 7.497e-09 -1.0639e-08
691 0 1.255e-09 3.493e-09
692 0 1.0639e-08 9.754e-09
693 0 1.274e-09 6.834e-09
694 0 1.269e-09 -1.756e-09
695 0 2.13e-10 1.1459e-08
696 0 2.13e-10 -1.1459e-08
697 0 2.45e-10 1.292e-09
698 0 5.8e-10 1.693e-09
699 0 5.33e-10 -5.474e-09
700 0 9.32e-10 -3.583e-09
701 0 3.12e-10 6.405e-09
702 0 4.12e-10 6.403e-09
703 0 9.149e-09 -5.824e-09
704 0 5.85e-10 -4.697e-09
705 0 4.73e-10 -4.694e-09
706 0 1.114e-09 -6.14e-10
707 0 1.114e-09 6.14e-10
708 0 8.608e-09 -9.801e-09
709 0 8.614e-09 9.868e-09
710 0 3.4e-10 4.3e-10
711 0 3.39e-10 -4.37e-10
712 0 9.882e-09 1.1774e-08
713 0 1.0196e-08 1.1869e-08
714 0 1.0119e-08 -1.227e-08
715 0 9.721e-09 -1.2412e-08
716 0 9.35e-10 3.242e-09
717 0 1.397e-08 -3.052e-09
718 0 1.397e-08 3.052e-09
719 0 7.12e-09 -3.477e-09
720 0 7.121e-09 3.477e-09
721 0 9e-09 -3.077e-09
722 0 8.981e-09 3.054e-09
723 0 2.79e-10 -6.217e-09
724 0 2.78e-10 -5.06e-09
725 0 3.42e-10 -6.469e-09
726 0 7.25e-09 3.797e-09
727 0 7.248e-09 -3.797e-09
728 0 1.3998e-08 7.489e-09
729 0 1.4002e-08 -7.485e-09
730 0 6.97e-10 -3.605e-09
731 0 2.33e-10 1.204e-09
732 0 1.1e-09 6.779e-09
733 0 1.051e-09 6.851e-09
734 0 1.056e-09 -1.664e-09
735 0 1.36e-10 1.739e-09
736 0 7.44e-10 -2.132e-09
737 0 2.043e-09 -1.055e-08
738 0 1.638e-09 -1.0844e-08
739 0 1.638e-09 1.0844e-08
740 0 2.042e-09 1.0551e-08
741 0 3.28e-10 4.115e-09
742 0 7.04e-10 -2.049e-09
743 0 1.116e-09 1.156e-09
744 0 3.07e-10 2.198e-09
745 0 4.14e-10 2.217e-09
746 0 1.193e-09 5.032e-09
747 0 2.81e-10 3.203e-09
748 0 4.5e-10 -2.825e-09
749 0 1.109e-09 1.026e-09
750 0 1.109e-09 -1.026e-09
751 0 1.108e-09 -7.429e-09
752 0 7.004e-09 8.989e-09
753 0 1.258e-09 -5.361e-09
754 0 2.43e-10 1.795e-09
755 0 4.92e-10 7.558e-09
756 0 4.92e-10 -7.558e-09
757 0 7.832e-09 1.2105e-08
758 0 5.33e-10 6.938e-09
759 0 5.28e-10 -1.655e-09
760 0 6.527e-09 3.939e-09
761 0 6.525e-09 -3.938e-09
762 0 1.111e-09 -1.156e-09
763 0 1.111e-09 7.444e-09
764 0 1.27e-09 -6.835e-09
765 0 1.265e-09 -4.42e-10
766 0 1.265e-09 4.42e-10
767 0 9.023e-09 -2.652e-09
768 0 9.029e-09 2.643e-09
769 0 9.48e-10 -4.371e-09
770 0 2.44e-10 6.79e-09
771 0 2.46e-10 -1.806e-09
772 0 1.14e-10 -5.697e-09
773 0 6.9e-10 2.562e-09
774 0 6.48e-10 2.65e-09
775 0 5.14e-10 5.85e-09
776 0 4.08e-10 5.808e-09
777 0 3.49e-10 3.293e-09
778 0 7.609e-09 -1.1408e-08
779 0 8.186e-09 -1.3145e-08
780 0 6.815e-09 -6.741e-09
781 0 8.756e-09 5.493e-09
782 0 1.074e-09 4.442e-09
783 0 1.048e-09 -6.851e-09
784 0 1.049e-09 -5.45e-10
785 0 1.049e-09 5.45e-10
786 0 1.082e-09 -6.1e-11
787 0 1.089e-09 -6.783e-09
788 0 7.042e-09 1.0334e-08
789 0 9.277e-09 -3.741e-09
790 0 9.19e-09 3.673e-09
791 0 1.112e-09 -5.578e-09
792 0 1.014e-09 -5.544e-09
793 0 8.044e-09 -5.456e-09
794 0 1.149e-09 1.709e-09
795 0 3.38e-10 -2.971e-09
796 0 3.43e-10 -6.378e-09
797 0 1.169e-09 -1.29e-10
798 0 6.84e-10 6.636e-09
799 0 1.2921e-08 -4.283e-09
800 0 1.2921e-08 4.283e-09
801 0 5.54e-09 6.085e-09
802 0 5.55e-09 -6.128e-09
803 0 6.83e-10 2.36e-10
804 0 1.184e-09 1.15e-10
805 0 1.088e-09 5e-11
806 0 5e-10 -6.066e-09
807 0 4.13e-10 -6.119e-09
808 0 1.3539e-08 2.255e-09
809 0 1.3539e-08 -2.255e-09
810 0 7.72e-10 7.279e-09
811 0 7.71e-10 -1.324e-09
812 0 3.37e-10 -7.01e-09
813 0 4.9e-10 1.595e-09
814 0 7.68e-10 -7.281e-09
815 0 7.68e-10 -8.79e-10
816 0 7.68e-10 8.79e-10
817 0 5.748e-09 1.0718e-08
818 0 5.759e-09 -1.0716e-08
819 0 1.26e-10 -2.509e-09
820 0 5.84e-10 5.17e-09
821 0 6.16e-10 -6.303e-09
822 0 2.149e-09 1.3775e-08
823 0 1.75e-09 1.3771e-08
824 0 2.149e-09 -1.3775e-08
825 0 1.75e-09 -1.3771e-08
826 0 5.84e-10 1.885e-09
827 0 1.2526e-08 -5.027e-09
828 0 1.2526e-08 5.027e-09
829 0 2.43e-10 3.94e-10
830 0 2.44e-10 -3.97e-10
831 0 8.87e-10 -2.255e-09
832 0 9.812e-09 1.3549e-08
833 0 9.842e-09 -1.3593e-08
834 0 1.25e-09 -5.905e-09
835 0 1.155e-09 4.489e-09
836 0 5.15e-10 -3.968e-09
837 0 4.45e-10 -4.979e-09
838 0 5.9e-10 7.721e-09
839 0 5.9e-10 -7.721e-09
840 0 1.27e-10 5.48e-09
841 0 4.98e-10 -4.892e-09
842 0 5.05e-10 6.56e-09
843 0 1.045e-09 3.24e-09
844 0 8.97e-10 -6.051e-09
845 0 9.25e-10 -5.972e-09
846 0 6.38e-10 5.248e-09
847 0 7.22e-09 1.2971e-08
848 0 6.904e-09 1.2711e-08
849 0 6.885e-09 -1.2713e-08
850 0 7.195e-09 -1.2963e-08
851 0 1.17e-10 4.499e-09
852 0 2.008e-09 -1.0101e-08
853 0 2.008e-09 1.0102e-08
854 0 9.88e-10 5.093e-09
855 0 2.843e-09 1.0443e-08
856 0 2.845e-09 -1.044e-08
857 0 5.23e-10 -3.093e-09
858 0 5.26e-10 -5.44e-10
859 0 5.33e-10 5.38e-10
860 0 4.1e-10 -6.832e-09
861 0 8.437e-09 -1.3431e-08
862 0 7.091e-09 1.1935e-08
863 0 7.07e-09 -1.1937e-08
864 0 9.15e-09 5.54e-09
865 0 8.562e-09 6.273e-09
866 0 1.022e-09 5.183e-09
867 0 5.241e-09 2.307e-09
868 0 5.241e-09 -2.307e-09
869 0 1.1506e-08 -2.915e-09
870 0 1.1507e-08 2.919e-09
871 0 3.56e-10 3.11e-09
872 0 3.23e-10 3.01e-09
873 0 3.19e-10 3.393e-09
874 0 1.0075e-08 -9.184e-09
875 0 6.52e-10 8.491e-09
876 0 6.52e-10 -8.491e-09
877 0 6.89e-10 1.656e-09
878 0 1.29e-10 -3.553e-09
879 0 5.14e-10 -4.071e-09
880 0 7.39e-10 4.43e-10
881 0 8.4e-10 3.94e-10
882 0 8.49e-10 -6.808e-09
883 0 7.32e-10 -6.849e-09
884 0 9.106e-09 1.1227e-08
885 0 9.306e-09 1.1526e-08
886 0 8.96e-10 -7.562e-09
887 0 8.96e-10 7.562e-09
888 0 4.99e-10 -5.931e-09
889 0 4.1e-10 -5.884e-09
890 0 4.22e-10 1.222e-09
891 0 5.434e-09 1.2289e-08
892 0 5.434e-09 -1.2289e-08
893 0 3.43e-10 4.199e-09
894 0 2.7e-10 -3.98e-09
895 0 1.3084e-08 -1.1759e-08
896 0 7.434e-09 -1.1889e-08
897 0 1.003e-09 -1.435e-09
898 0 9.98e-10 7.179e-09
899 0 1.279e-09 5.977e-09
900 0 6.9e-11 -2.993e-09
901 0 5.089e-09 1.308e-08
902 0 4.904e-09 1.3438e-08
903 0 4.904e-09 -1.3438e-08
904 0 5.089e-09 -1.308e-08
905 0 6.1e-11 -5.394e-09
906 0 1.222e-09 -2.549e-09
907 0 1.237e-09 6.076e-09
908 0 1.2107e-08 1.0119e-08
909 0 7.43e-10 6.843e-09
910 0 8.57e-10 6.801e-09
911 0 1.244e-08 1.0063e-08
912 0 6.31e-10 6.015e-09
913 0 3.983e-09 1.2991e-08
914 0 3.983e-09 -1.2991e-08
915 0 1.2236e-08 -9.946e-09
916 0 9.953e-09 3.426e-09
917 0 1.0306e-08 3.498e-09
918 0 5.6e-11 7.622e-09
919 0 5.6e-11 -7.622e-09
920 0 8.91e-10 1.539e-09
921 0 2.982e-09 -9.222e-09
922 0 2.972e-09 9.208e-09
923 0 1.22e-10 7.556e-09
924 0 1.22e-10 -7.556e-09
925 0 2.632e-09 -9.111e-09
926 0 2.631e-09 9.11e-09
927 0 6.35e-10 -6.76e-09
928 0 6.71e-10 -6.651e-09
929 0 1.26e-10 -4.547e-09
930 0 1.22e-10 -4.458e-09
931 0 7.629e-09 1.135e-08
932 0 1.0082e-08 9.18e-09
933 0 8.627e-09 5.024e-09
934 0 5.716e-09 -1.378e-08
935 0 5.716e-09 1.378e-08
936 0 4.04e-10 -6.662e-09
937 0 1.056e-09 5.928e-09
938 0 4.43e-10 6.982e-09
939 0 4.41e-10 -1.612e-09
940 0 2.14e-10 -4.391e-09
941 0 6.14e-10 5.79e-09
942 0 1.238e-09 2.328e-09
943 0 6e-10 2.89e-09
944 0 1.0581e-08 1.158e-08
945 0 1.0605e-08 1.1127e-08
946 0 1.0086e-08 -1.154e-08
947 0 1.0251e-08 -1.1856e-08
948 0 1.156e-09 1.0158e-08
949 0 1.156e-09 -1.0158e-08
950 0 8.709e-09 1.413e-08
951 0 8.735e-09 -1.4114e-08
952 0 1.3833e-08 -1.0449e-08
953 0 3.782e-09 8.809e-09
954 0 3.781e-09 -8.808e-09
955 0 8.69e-09 -1.1455e-08
956 0 1.053e-09 7.014e-09
957 0 1.118e-09 6.946e-09
958 0 1.3759e-08 -1.32e-08
959 0 1.3845e-08 -1.2799e-08
960 0 1.3692e-08 -1.0939e-08
961 0 6.28e-10 -2.603e-09
962 0 1.1596e-08 4.426e-09
963 0 1.1537e-08 -4.417e-09
964 0 7.27e-10 -1.37e-10
965 0 2.22e-10 4.472e-09
966 0 4.86e-10 5.152e-09
967 0 1.1362e-08 4.654e-09
968 0 1.1304e-08 -4.654e-09
969 0 2.28e-10 -4.712e-09
970 0 1.2949e-08 4.768e-09
971 0 1.2949e-08 -4.768e-09
972 0 1.0343e-08 -1.1136e-08
973 0 1.247e-09 3.29e-09
974 0 3.235e-09 -1.3318e-08
975 0 3.235e-09 1.3318e-08
976 0 9.628e-09 1.2136e-08
977 0 2.497e-09 1.0728e-08
978 0 2.499e-09 -1.0727e-08
979 0 7.82e-10 2.538e-09
980 0 5.207e-09 -6.727e-09
981 0 5.207e-09 6.727e-09
982 0 1.146e-09 -5.683e-09
983 0 9.33e-10 4.769e-09
984 0 1.068e-09 -3.831e-09
985 0 5.27e-10 -6.973e-09
986 0 1.3002e-08 1.0525e-08
987 0 2.536e-09 1.1131e-08
988 0 2.538e-09 -1.113e-08
989 0 2.44e-10 -2.506e-09
990 0 1.156e-09 2.302e-09
991 0 8.847e-09 -5.496e-09
992 0 8.979e-09 -5.163e-09
993 0 6.48e-10 3.55e-10
994 0 1.1833e-08 -3.119e-09
995 0 1.1834e-08 3.123e-09
996 0 1.041e-09 3.147e-09
997 0 1.216e-09 6.973e-09
998 0 1.219e-09 -1.613e-09
999 0 5.04e-10 7.783e-09
1000 0 5.04e-10 -7.783e-09
1001 0 1.3671e-08 1.087e-08
1002 0 5.21e-10 4.616e-09
1003 0 1.163e-09 4.803e-09
1004 0 8.39e-10 -3.785e-09
1005 0 6.82e-10 2.733e-09
1006 0 8.66e-10 -6.689e-09
1007 0 2.32e-10 -3.734e-09
1008 0 7.23e-10 -4.59e-09
1009 0 9.502e-09 -1.3864e-08
1010 0 9.109e-09 -1.3795e-08
1011 0 9.462e-09 1.383e-08
1012 0 9.049e-09 1.3767e-08
1013 0 1.3189e-08 1.0948e-08
1014 0 1.057e-09 -7.019e-09
1015 0 1.118e-09 -6.948e-09
1016 0 6.26e-10 -4.593e-09
1017 0 1.18e-10 2.651e-09
1018 0 1.218e-09 1.0653e-08
1019 0 1.218e-09 -1.0653e-08
1020 0 9.373e-09 9.605e-09
1021 0 8.932e-09 9.533e-09
1022 0 4.541e-09 -1.1946e-08
1023 0 4.537e-09 1.1943e-08
1024 0 4e-10 5.204e-09
1025 0 7.73e-10 5.222e-09
1026 0 1.236e-09 -3.376e-09
1027 0 1.0166e-08 1.0862e-08
1028 0 6.2e-11 -5.999e-09
1029 0 1.98e-10 -2.856e-09
1030 0 1.3e-10 -6.873e-09
1031 0 1.3656e-08 6.725e-09
1032 0 1.3665e-08 -6.726e-09
1033 0 5.243e-09 -9.366e-09
1034 0 5.198e-09 9.366e-09
1035 0 6.841e-09 -7.13e-09
1036 0 1.197e-09 5.123e-09
1037 0 7.437e-09 2.407e-09
1038 0 7.437e-09 -2.407e-09
1039 0 1.19e-10 4.697e-09
1040 0 6.51e-10 6.756e-09
1041 0 1.288e-08 1.282e-08
1042 0 9.12e-10 7.51e-10
1043 0 8.12e-10 7.93e-10
1044 0 8.12e-10 -7.93e-10
1045 0 9.12e-10 -7.51e-10
1046 0 9.09e-10 -7.157e-09
1047 0 8.12e-10 -7.194e-09
1048 0 1.3048e-08 1.243e-08
1049 0 4.102e-09 -8.755e-09
1050 0 4.103e-09 8.756e-09
1051 0 6.375e-09 -1.2216e-08
1052 0 6.252e-09 -1.1902e-08
1053 0 6.255e-09 1.1902e-08
1054 0 6.377e-09 1.2215e-08
1055 0 1.276e-09 2.139e-09
1056 0 9.327e-09 -1.2102e-08
1057 0 1.1699e-08 -1.0663e-08
1058 0 1.169e-08 1.064e-08
1059 0 6e-11 -4.804e-09
1060 0 4.131e-09 1.3363e-08
1061 0 4.131e-09 -1.3363e-08
1062 0 4.795e-09 -8.688e-09
1063 0 4.795e-09 8.688e-09
1064 0 6.97e-10 6.295e-09
1065 0 5.461e-09 -7.389e-09
1066 0 5.461e-09 7.389e-09
1067 0 6.16e-10 -3.084e-09
1068 0 9.13e-10 -1.462e-09
1069 0 8.13e-10 -1.411e-09
1070 0 8.14e-10 7.193e-09
1071 0 9.09e-10 7.154e-09
1072 0 1.124e-09 1.954e-09
1073 0 7.82e-10 -4.783e-09
1074 0 4.68e-10 -7.184e-09
1075 0 5.84e-10 -7.198e-09
1076 0 2.55e-10 -7.07e-09
1077 0 5.11e-10 4.87e-09
1078 0 7.85e-10 -6.621e-09
1079 0 6.051e-09 3.064e-09
1080 0 6.458e-09 3.154e-09
1081 0 6.051e-09 -3.064e-09
1082 0 6.458e-09 -3.154e-09
1083 0 1.0963e-08 -1.0461e-08
1084 0 1.0964e-08 1.0449e-08
1085 0 1.221e-09 -6.977e-09
1086 0 1.217e-09 -5.98e-10
1087 0 1.217e-09 5.98e-10
1088 0 5.37e-10 -8.1e-11
1089 0 6.09e-10 -1.46e-10
1090 0 2.34e-10 4.72e-09
1091 0 3.3e-10 5.491e-09
1092 0 4.24e-10 -4.586e-09
1093 0 9.374e-09 -9.58e-09
1094 0 8.935e-09 -9.492e-09
1095 0 1.069e-09 -5.057e-09
1096 0 1.22e-10 2.747e-09
1097 0 8.304e-09 1.1879e-08
1098 0 8.409e-09 -5.999e-09
1099 0 1.3769e-08 -1.4071e-08
1100 0 1.3767e-08 1.4067e-08
1101 0 5.5e-11 -3.62e-09
1102 0 1.102e-08 -9.541e-09
1103 0 1.102e-08 9.542e-09
1104 0 5.69e-10 -3.27e-09
1105 0 5.52e-10 -3.353e-09
1106 0 5.879e-09 -1.3398e-08
1107 0 5.879e-09 1.3398e-08
1108 0 1.3975e-08 6.947e-09
1109 0 1.3983e-08 -6.948e-09
1110 0 6.714e-09 1.0501e-08
1111 0 1.1609e-08 1.1401e-08
1112 0 1.0915e-08 4.596e-09
1113 0 1.0884e-08 -4.643e-09
1114 0 1.0249e-08 -9.586e-09
1115 0 1.719e-09 1.1334e-08
1116 0 1.72e-09 -1.1333e-08
1117 0 5.891e-09 -7.256e-09
1118 0 5.871e-09 7.258e-09
1119 0 1.3837e-08 1.0428e-08
1120 0 1.3382e-08 1.4073e-08
1121 0 1.3385e-08 -1.4076e-08
1122 0 1.2046e-08 1.058e-08
1123 0 9.087e-09 -1.2972e-08
1124 0 8.894e-09 -1.3359e-08
1125 0 6.94e-10 -5.005e-09
1126 0 9.31e-10 3.148e-09
1127 0 2.39e-10 -6.823e-09
1128 0 6.15e-10 5.348e-09
1129 0 5.24e-10 5.414e-09
1130 0 4.69e-09 -8.38e-09
1131 0 4.69e-09 8.38e-09
1132 0 6.3e-11 -2.402e-09
1133 0 6.2e-11 6.197e-09
1134 0 1.2772e-08 -1.2084e-08
1135 0 5.9e-11 2.001e-09
1136 0 4.39e-10 -5.89e-10
1137 0 4.42e-10 5.83e-10
1138 0 4.35e-10 4.819e-09
1139 0 1.335e-08 -5.363e-09
1140 0 1.335e-08 5.363e-09
1141 0 1.2201e-08 -9.151e-09
1142 0 1.1805e-08 -9.23e-09
1143 0 1.1822e-08 9.255e-09
1144 0 1.2222e-08 9.176e-09
1145 0 6.372e-09 6.602e-09
1146 0 6.42e-09 -6.578e-09
1147 0 1.153e-09 -5.112e-09
1148 0 9.888e-09 2.642e-09
1149 0 9.883e-09 -2.629e-09
1150 0 9.328e-09 5.963e-09
1151 0 3.01e-10 -5.949e-09
1152 0 3.03e-10 -6.048e-09
1153 0 1.049e-09 7.265e-09
1154 0 1.048e-09 -1.338e-09
1155 0 5.9e-11 -6.599e-09
1156 0 6.55e-10 -3.04e-10
1157 0 6.37e-10 6.118e-09
1158 0 3.16e-10 1.153e-09
1159 0 1.3291e-08 8.195e-09
1160 0 1.3352e-08 -7.706e-09
1161 0 7.77e-10 -6.4e-11
1162 0 1.2405e-08 -1.1192e-08
1163 0 1.2423e-08 1.1214e-08
1164 0 1.1805e-08 -9.732e-09
1165 0 1.1808e-08 9.755e-09
1166 0 1.017e-09 -1.82e-09
1167 0 5.8e-11 6.595e-09
1168 0 5.9e-11 -2.002e-09
1169 0 1.064e-09 2.471e-09
1170 0 1.3365e-08 -4.969e-09
1171 0 1.3365e-08 4.969e-09
1172 0 6e-11 1.98e-10
1173 0 5.9e-11 -1.98e-10
1174 0 2.88e-10 3.716e-09
1175 0 6.35e-10 -2.514e-09
1176 0 6.3e-11 -2.607e-09
1177 0 6.09e-10 1.22e-09
1178 0 6.45e-10 1.328e-09
1179 0 8.046e-09 -5.127e-09
1180 0 9.695e-09 -7.686e-09
1181 0 9.932e-09 -7.955e-09
1182 0 9.931e-09 7.945e-09
1183 0 9.716e-09 7.678e-09
1184 0 1.2945e-08 -1.0492e-08
1185 0 1.0304e-08 -8.854e-09
1186 0 9.89e-10 3.884e-09
1187 0 4.731e-09 -1.2208e-08
1188 0 5.072e-09 -1.2377e-08
1189 0 4.731e-09 1.2208e-08
1190 0 5.072e-09 1.2377e-08
1191 0 1.3344e-08 7.744e-09
1192 0 1.3297e-08 -8.167e-09
1193 0 5.5e-11 3.994e-09
1194 0 2.881e-09 1.2444e-08
1195 0 2.499e-09 1.2569e-08
1196 0 2.499e-09 -1.2569e-08
1197 0 2.881e-09 -1.2444e-08
1198 0 2.414e-09 -1.4129e-08
1199 0 2.414e-09 1.4129e-08
1200 0 6.21e-10 1.64e-10
1201 0 4.73e-10 6.145e-09
1202 0 2.95e-10 -5.573e-09
1203 0 4.59e-10 4.235e-09
1204 0 7.56e-10 -5.5e-09
1205 0 2.56e-10 9.79e-10
1206 0 2.56e-10 -9.79e-10
1207 0 2.56e-10 -7.379e-09
1208 0 1.0049e-08 4.268e-09
1209 0 9.904e-09 -4.031e-09
1210 0 5.4e-11 5.389e-09
1211 0 1.2457e-08 -7.761e-09
1212 0 1.2457e-08 7.761e-09
1213 0 2.17e-10 3.532e-09
1214 0 2.301e-09 -1.2962e-08
1215 0 2.464e-09 -1.3344e-08
1216 0 2.464e-09 1.3344e-08
1217 0 2.301e-09 1.2962e-08
1218 0 4.627e-09 -1.1587e-08
1219 0 4.637e-09 1.1563e-08
1220 0 8.28e-10 1.2462e-08
1221 0 8.28e-10 -1.2462e-08
1222 0 5.6e-11 2.396e-09
1223 0 5.959e-09 -4.496e-09
1224 0 5.96e-09 4.497e-09
1225 0 4.73e-10 7.7e-11
1226 0 2.56e-10 -1.221e-09
1227 0 2.56e-10 7.379e-09
1228 0 6.52e-10 4.738e-09
1229 0 1.0785e-08 -5.025e-09
1230 0 1.0782e-08 4.975e-09
1231 0 3.01e-10 1.984e-09
1232 0 2.53e-10 2.096e-09
1233 0 5.24e-10 4.038e-09
1234 0 6.19e-10 3.966e-09
1235 0 4.86e-10 1.418e-09
1236 0 1.21e-10 3.355e-09
1237 0 2.02e-10 7.781e-09
1238 0 2.02e-10 -7.781e-09
1239 0 9.06e-10 3.964e-09
1240 0 4.09e-10 6.223e-09
1241 0 5.1e-11 -1.812e-09
1242 0 5e-11 6.786e-09
1243 0 9.71e-10 -6.296e-09
1244 0 2.97e-10 5.666e-09
1245 0 3.44e-10 5.576e-09
1246 0 5.61e-10 -4.286e-09
1247 0 6.28e-10 -4.226e-09
1248 0 7.678e-09 -1.3684e-08
1249 0 7.667e-09 1.3734e-08
1250 0 1.08e-09 4.999e-09
1251 0 5.002e-09 1.0814e-08
1252 0 4.988e-09 -1.0837e-08
1253 0 3.165e-09 1.4081e-08
1254 0 3.165e-09 -1.4081e-08
1255 0 1.2346e-08 -1.1973e-08
1256 0 1.2147e-08 -1.1528e-08
1257 0 4.197e-09 1.2635e-08
1258 0 4.198e-09 -1.2635e-08
1259 0 7.01e-10 1.535e-09
1260 0 8.038e-09 6.807e-09
1261 0 6.03e-10 9.86e-10
1262 0 6.03e-10 -9.86e-10
1263 0 6.05e-10 -7.388e-09
1264 0 6.37e-10 8.84e-10
1265 0 6.37e-10 -8.84e-10
1266 0 6.38e-10 -7.286e-09
1267 0 6.04e-10 7.387e-09
1268 0 6.04e-10 -1.214e-09
1269 0 6.37e-10 7.284e-09
1270 0 6.37e-10 -1.317e-09
1271 0 1.1974e-08 3.551e-09
1272 0 1.1856e-08 3.848e-09
1273 0 1.1973e-08 -3.548e-09
1274 0 1.1856e-08 -3.845e-09
1275 0 7.32e-09 -1.3739e-08
1276 0 7.329e-09 1.3751e-08
1277 0 1.2767e-08 1.2039e-08
1278 0 4.09e-10 8.73e-10
1279 0 4.09e-10 -8.73e-10
1280 0 4.07e-10 -7.267e-09
1281 0 9.32e-10 1.447e-09
1282 0 9.939e-09 4.664e-09
1283 0 1.3732e-08 7.791e-09
1284 0 1.3685e-08 -8.214e-09
1285 0 8.31e-10 1.408e-09
1286 0 4.09e-10 7.273e-09
1287 0 4.09e-10 -1.327e-09
1288 0 5.1e-11 -3.88e-10
1289 0 5e-11 3.88e-10
1290 0 3.87e-10 -5.555e-09
1291 0 5.48e-10 1.791e-09
1292 0 1.3249e-08 -4.086e-09
1293 0 1.3249e-08 4.086e-09
1294 0 6.915e-09 -8.513e-09
1295 0 6.18e-10 6.565e-09
1296 0 1.254e-08 -8.121e-09
1297 0 1.254e-08 8.119e-09
1298 0 3.805e-09 1.3748e-08
1299 0 3.805e-09 -1.3748e-08
1300 0 9.37e-10 -1.973e-09
1301 0 9.59e-10 -2.085e-09
1302 0 1.0996e-08 7.737e-09
1303 0 1.0999e-08 -7.738e-09
1304 0 1.1326e-08 7.515e-09
1305 0 1.133e-08 -7.514e-09
1306 0 1.02e-10 -4.9e-09
1307 0 9.65e-10 2.499e-09
1308 0 8.364e-09 1.1491e-08
1309 0 4.5e-11 2.586e-09
1310 0 8.91e-10 -4.93e-09
1311 0 1.3679e-08 8.242e-09
1312 0 1.3741e-08 -7.753e-09
1313 0 2.52e-10 -1.415e-09
1314 0 2.52e-10 7.185e-09
1315 0 1.1145e-08 -3.072e-09
1316 0 1.1145e-08 3.075e-09
1317 0 1.09e-10 -2.893e-09
1318 0 9.539e-09 -4.736e-09
1319 0 7.417e-09 -8.996e-09
1320 0 1.19e-10 -6.102e-09
1321 0 9.64e-10 -1.12e-10
1322 0 1.0313e-08 8.85e-09
1323 0 1.0212e-08 -1.3858e-08
1324 0 1.0222e-08 1.3849e-08
1325 0 5.1e-11 4.798e-09
1326 0 1.2107e-08 -4.875e-09
1327 0 1.2132e-08 4.881e-09
1328 0 6.08e-10 5.69e-09
1329 0 1.2436e-08 -3.653e-09
1330 0 1.2436e-08 3.653e-09
1331 0 9.42e-10 -2.24e-10
1332 0 3.76e-10 5.299e-09
1333 0 4.25e-10 5.392e-09
1334 0 8.372e-09 -1.2089e-08
1335 0 8.648e-09 -1.1927e-08
1336 0 2.25e-10 -6.117e-09
1337 0 6.608e-09 -8.363e-09
1338 0 2.88e-10 -5.366e-09
1339 0 1.145e-09 -3.978e-09
1340 0 7.97e-10 3.821e-09
1341 0 1.19e-10 -3.455e-09
1342 0 3.465e-09 1.3727e-08
1343 0 3.465e-09 -1.3727e-08
1344 0 6.21e-10 -7.008e-09
1345 0 8.44e-10 8.392e-09
1346 0 8.44e-10 -8.392e-09
1347 0 5.1e-11 3.419e-09
1348 0 2.38e-10 4.066e-09
1349 0 5.47e-10 4.421e-09
1350 0 3.19e-10 1.049e-09
1351 0 3.19e-10 -1.049e-09
1352 0 3.19e-10 -7.449e-09
1353 0 2.52e-10 7.86e-10
1354 0 2.52e-10 -7.86e-10
1355 0 5.87e-10 2.797e-09
1356 0 1.247e-09 -3.833e-09
1357 0 7.54e-10 4.77e-09
1358 0 3.19e-10 -1.151e-09
1359 0 3.19e-10 7.449e-09
1360 0 4.631e-09 1.064e-08
1361 0 4.618e-09 -1.066e-08
1362 0 1.008e-09 -3.86e-10
1363 0 1.015e-09 3.8e-10
1364 0 8.289e-09 4.232e-09
1365 0 8.291e-09 -4.214e-09
1366 0 8.203e-09 -9.687e-09
1367 0 4.22e-10 9.83e-10
1368 0 4.22e-10 -9.83e-10
1369 0 4.23e-10 -7.383e-09
1370 0 1.2266e-08 1.1955e-08
1371 0 1.55e-10 9.697e-09
1372 0 1.55e-10 -9.697e-09
1373 0 6.638e-09 8.349e-09
1374 0 6.978e-09 8.516e-09
1375 0 8.34e-10 -1.789e-09
1376 0 7.31e-10 -1.739e-09
1377 0 5.86e-09 5.84e-09
1378 0 5.87e-09 -5.883e-09
1379 0 4.9e-11 2.816e-09
1380 0 1.249e-09 -3.716e-09
1381 0 7.54e-10 4.887e-09
1382 0 4.22e-10 -1.217e-09
1383 0 4.22e-10 7.383e-09
1384 0 6.49e-10 3.726e-09
1385 0 7.03e-10 3.807e-09
1386 0 8.467e-09 -6.76e-09
1387 0 7.32e-10 -4.59e-10
1388 0 8.35e-10 -4.1e-10
1389 0 1.128e-09 4.687e-09
1390 0 8.75e-10 -3.918e-09
1391 0 3.1e-10 8.69e-10
1392 0 3.1e-10 -8.69e-10
1393 0 3.06e-10 -7.262e-09
1394 0 6.46e-10 -1.891e-09
1395 0 1.152e-09 1.2439e-08
1396 0 1.152e-09 -1.2439e-08
1397 0 1.11e-10 -5.898e-09
1398 0 2.16e-10 -5.881e-09
1399 0 5.96e-10 6.276e-09
1400 0 7.05e-10 -5.404e-09
1401 0 1.1694e-08 6.941e-09
1402 0 1.13e-08 7.072e-09
1403 0 1.1695e-08 -6.936e-09
1404 0 1.1301e-08 -7.068e-09
1405 0 2.77e-10 -4.882e-09
1406 0 3.07e-10 -4.789e-09
1407 0 2.49e-10 -6.523e-09
1408 0 6.897e-09 -4.139e-09
1409 0 6.901e-09 4.14e-09
1410 0 2.16e-10 2.998e-09
1411 0 1.0647e-08 -9.742e-09
1412 0 6.187e-09 -7.5e-09
1413 0 6.168e-09 7.499e-09
1414 0 6.097e-09 1.063e-08
1415 0 6.117e-09 -1.0624e-08
1416 0 6.68e-10 3.643e-09
1417 0 1.097e-09 -1.768e-09
1418 0 3.1e-10 -1.331e-09
1419 0 3.1e-10 7.269e-09
1420 0 1.142e-09 3.491e-09
1421 0 1.317e-09 3.39e-09
1422 0 4.24e-10 4.02e-09
1423 0 3.78e-10 3.928e-09
1424 0 7.04e-10 2.919e-09
1425 0 6.284e-09 -9.905e-09
1426 0 6.352e-09 -1.0292e-08
1427 0 8.659e-09 4.188e-09
1428 0 8.674e-09 -4.174e-09
1429 0 9.78e-10 -6.13e-09
1430 0 1.65e-10 -8.322e-09
1431 0 1.65e-10 8.322e-09
1432 0 5e-11 1.81e-09
1433 0 5.88e-10 1.395e-09
1434 0 1.217e-09 1.479e-09
1435 0 1.121e-09 1.526e-09
1436 0 9.39e-10 -5.78e-09
1437 0 3.12e-10 2.624e-09
1438 0 1.2361e-08 1.0828e-08
1439 0 5.215e-09 -8.872e-09
1440 0 5.17e-09 8.872e-09
1441 0 8.53e-10 4.622e-09
1442 0 3.94e-10 -6.218e-09
1443 0 7.122e-09 -1.0322e-08
1444 0 1.107e-09 1.61e-09
1445 0 5.83e-10 -8.207e-09
1446 0 5.28e-10 -8.115e-09
1447 0 5.28e-10 8.115e-09
1448 0 5.83e-10 8.207e-09
1449 0 6.34e-10 -3.96e-10
1450 0 9.485e-09 4.795e-09
1451 0 2.17e-10 1.9e-09
1452 0 4.48e-10 -6.741e-09
1453 0 9.427e-09 5.214e-09
1454 0 6.643e-09 4.962e-09
1455 0 6.64e-09 -4.96e-09
1456 0 4.31e-10 1.818e-09
1457 0 7.615e-09 -9.31e-09
1458 0 1.91e-10 -4.923e-09
1459 0 3.17e-10 -3.571e-09
1460 0 9.4e-10 5.59e-10
1461 0 9.39e-10 -5.6e-10
1462 0 9.33e-10 -6.872e-09
1463 0 5.44e-10 -6.786e-09
1464 0 5.792e-09 5.391e-09
1465 0 5.49e-09 5.262e-09
1466 0 5.48e-09 -5.28e-09
1467 0 5.783e-09 -5.409e-09
1468 0 1.1485e-08 -1.1016e-08
1469 0 1.1444e-08 1.1019e-08
1470 0 5.17e-10 5.611e-09
1471 0 1.0732e-08 -8.758e-09
1472 0 1.0736e-08 8.756e-09
1473 0 1.1542e-08 -1.2098e-08
1474 0 9.38e-10 -6.203e-09
1475 0 1.0472e-08 -1.2509e-08
1476 0 1.0673e-08 1.2872e-08
1477 0 2.36e-10 -3.617e-09
1478 0 9.43e-10 -1.653e-09
1479 0 9.36e-10 6.871e-09
1480 0 9.824e-09 1.2483e-08
1481 0 4.501e-09 1.3533e-08
1482 0 4.501e-09 -1.3533e-08
1483 0 4.97e-10 2.747e-09
1484 0 7.98e-09 -1.1453e-08
1485 0 1.0656e-08 -3.979e-09
1486 0 5.2e-11 -3.197e-09
1487 0 9.244e-09 4.493e-09
1488 0 9.313e-09 -4.452e-09
1489 0 7.821e-09 -1.3251e-08
1490 0 9.93e-09 -6.462e-09
1491 0 9.997e-09 6.506e-09
1492 0 2.97e-09 -1.1999e-08
1493 0 2.97e-09 1.1999e-08
1494 0 9.73e-10 -4.715e-09
1495 0 2.17e-10 2.587e-09
1496 0 7.94e-10 -7.617e-09
1497 0 7.94e-10 7.617e-09
1498 0 6.783e-09 -1.0488e-08
1499 0 2.45e-10 -7.185e-09
1500 0 1.176e-09 -3.039e-09
1501 0 8.22e-10 5.56e-09
1502 0 2.53e-10 6.497e-09
1503 0 2.98e-10 6.598e-09
1504 0 8.14e-10 3.936e-09
1505 0 1.046e-09 -5.987e-09
1506 0 7.246e-09 7.787e-09
1507 0 7.343e-09 8.245e-09
1508 0 7.182e-09 -7.833e-09
1509 0 7.293e-09 -8.216e-09
1510 0 3.02e-10 6.203e-09
1511 0 2.46e-10 6.299e-09
1512 0 2.97e-10 -2.411e-09
1513 0 2.58e-10 -2.313e-09
1514 0 7.01e-10 3.475e-09
1515 0 6.29e-10 -3.931e-09
1516 0 3.91e-10 5.715e-09
1517 0 4.38e-10 5.626e-09
1518 0 2.22e-10 2.814e-09
1519 0 1.3269e-08 6.887e-09
1520 0 1.3274e-08 -6.884e-09
1521 0 1.1351e-08 1.1735e-08
1522 0 7.015e-09 9.915e-09
1523 0 7.589e-09 3.962e-09
1524 0 7.981e-09 3.84e-09
1525 0 7.981e-09 -3.838e-09
1526 0 7.587e-09 -3.959e-09
1527 0 6.35e-10 -5.796e-09
1528 0 5.95e-10 -5.887e-09
1529 0 1.092e-09 5.359e-09
1530 0 1.158e-09 5.286e-09
1531 0 1.292e-09 -5.992e-09
1532 0 1.0589e-08 -4.361e-09
1533 0 7.871e-09 -9.972e-09
1534 0 1.1105e-08 3.804e-09
1535 0 1.1065e-08 -3.774e-09
1536 0 1.054e-08 1.2451e-08
1537 0 1.0627e-08 -1.2883e-08
1538 0 7.22e-10 5.403e-09
1539 0 7.32e-10 5.499e-09
1540 0 1.269e-09 -3.084e-09
1541 0 1.279e-09 -3.179e-09
1542 0 1.09e-10 -6.692e-09
1543 0 8.57e-10 -5.497e-09
1544 0 5.234e-09 -1.3809e-08
1545 0 5.234e-09 1.3809e-08
1546 0 6.849e-09 -1.229e-08
1547 0 6.87e-09 1.2287e-08
1548 0 5.28e-10 2.651e-09
1549 0 1.0989e-08 1.0888e-08
1550 0 1.1032e-08 -1.0878e-08
1551 0 6.15e-10 2.393e-09
1552 0 5.48e-10 2.328e-09
1553 0 7.17e-10 -6.953e-09
1554 0 1.0226e-08 1.0412e-08
1555 0 2.11e-10 -3.398e-09
1556 0 1.257e-09 -6.089e-09
1557 0 8.88e-10 6.31e-10
1558 0 8.88e-10 -6.33e-10
1559 0 8.85e-10 -7.039e-09
1560 0 2.825e-09 1.3938e-08
1561 0 2.825e-09 -1.3938e-08
1562 0 1.244e-09 8.76e-10
1563 0 1.21e-09 9.79e-10
1564 0 1.244e-09 -8.76e-10
1565 0 1.243e-09 -7.28e-09
1566 0 1.21e-09 -9.79e-10
1567 0 1.209e-09 -7.383e-09
1568 0 7.26e-10 6.4e-09
1569 0 1.166e-09 -3.877e-09
1570 0 8.33e-10 4.724e-09
1571 0 1.0297e-08 2.497e-09
1572 0 1.0303e-08 -2.463e-09
1573 0 8.86e-10 -1.578e-09
1574 0 8.82e-10 7.035e-09
1575 0 1.24e-09 -1.308e-09
1576 0 1.24e-09 7.292e-09
1577 0 1.212e-09 -1.202e-09
1578 0 1.212e-09 7.398e-09
1579 0 8.267e-09 4.982e-09
1580 0 1.1762e-08 6.512e-09
1581 0 1.1479e-08 6.218e-09
1582 0 1.1762e-08 -6.507e-09
1583 0 1.148e-08 -6.214e-09
1584 0 9.91e-10 -3.923e-09
1585 0 1.01e-09 4.679e-09
1586 0 2.19e-10 -6.708e-09
1587 0 1.0451e-08 1.3153e-08
1588 0 1.0423e-08 -1.3165e-08
1589 0 7.73e-10 -1.0059e-08
1590 0 7.73e-10 1.0059e-08
1591 0 1.0204e-08 1.233e-08
1592 0 5.12e-10 1.508e-09
1593 0 4.38e-10 -7.062e-09
1594 0 8.42e-10 4.157e-09
1595 0 9.23e-10 4.088e-09
1596 0 1.1499e-08 3.984e-09
1597 0 1.1465e-08 -3.979e-09
1598 0 1.09e-10 6.681e-09
1599 0 1.1e-10 -1.914e-09
1600 0 1.0961e-08 3.395e-09
1601 0 1.0955e-08 -3.368e-09
1602 0 5.61e-10 -5.288e-09
1603 0 6.34e-10 -1.802e-09
1604 0 9.453e-09 8.475e-09
1605 0 7.36e-10 4.107e-09
1606 0 7.25e-10 4.01e-09
1607 0 8.575e-09 1.2179e-08
1608 0 3.92e-10 -3.643e-09
1609 0 3.01e-10 2.14e-10
1610 0 2.67e-10 1.13e-10
1611 0 1.2646e-08 1.0499e-08
1612 0 9.64e-10 2.17e-10
1613 0 8.129e-09 7.607e-09
1614 0 1.1e-10 2.86e-10
1615 0 1.09e-10 -2.86e-10
1616 0 9.964e-09 -4.713e-09
1617 0 1.09e-09 4.31e-10
1618 0 7.2e-10 5.45e-10
1619 0 7.15e-10 -5.48e-10
1620 0 7.2e-10 6.947e-09
1621 0 7.16e-10 -1.652e-09
1622 0 1.085e-09 -4.37e-10
1623 0 5.29e-10 5.967e-09
1624 0 5.1e-11 -8.198e-09
1625 0 5.1e-11 8.198e-09
1626 0 8.5e-10 4.942e-09
1627 0 1.147e-09 -3.663e-09
1628 0 9.17e-10 4.48e-10
1629 0 9.15e-10 -4.5e-10
1630 0 9.42e-10 -6.98e-09
1631 0 5e-11 -6.793e-09
1632 0 3.08e-10 -8.774e-09
1633 0 3.08e-10 8.774e-09
1634 0 5.21e-10 -2.647e-09
1635 0 9.19e-10 -1.754e-09
1636 0 9.41e-10 6.976e-09
1637 0 9.425e-09 1.0836e-08
1638 0 3.33e-10 -3.898e-09
1639 0 4.29e-10 -2.096e-09
1640 0 3.93e-10 -5.363e-09
1641 0 4.17e-10 -5.173e-09
1642 0 3.609e-09 9.11e-09
1643 0 3.616e-09 -9.122e-09
1644 0 1.0764e-08 -1.1164e-08
1645 0 8.223e-09 -8.916e-09
1646 0 9.037e-09 -1.1376e-08
1647 0 1.263e-09 4.098e-09
1648 0 1.0452e-08 8.265e-09
1649 0 1.0444e-08 -8.27e-09
1650 0 9.824e-09 8.346e-09
1651 0 1.21e-10 -3.09e-09
1652 0 2.457e-09 -8.702e-09
1653 0 2.457e-09 8.702e-09
1654 0 9.7e-11 -3.286e-09
1655 0 9.29e-10 2.312e-09
1656 0 8.6e-10 2.236e-09
1657 0 1.0334e-08 7.935e-09
1658 0 1.0324e-08 -7.94e-09
1659 0 9.83e-10 6.622e-09
1660 0 6.296e-09 8.514e-09
1661 0 6.85e-10 -3.246e-09
1662 0 1.063e-09 3.578e-09
1663 0 3.7e-10 3.766e-09
1664 0 9.13e-10 -3.248e-09
1665 0 8.48e-10 -3.328e-09
1666 0 7.091e-09 2.218e-09
1667 0 7.091e-09 -2.218e-09
1668 0 3.95e-10 -5.776e-09
1669 0 2.614e-09 -8.405e-09
1670 0 2.614e-09 8.405e-09
1671 0 3.06e-10 -3.792e-09
1672 0 4.39e-10 -1.823e-09
1673 0 2.36e-10 -5.476e-09
1674 0 3.98e-10 -2.403e-09
1675 0 4.29e-10 -1.15e-10
1676 0 4.62e-10 -2.473e-09
1677 0 1.276e-09 -4.687e-09
1678 0 1.249e-09 5.287e-09
1679 0 7.6e-10 -3.328e-09
1680 0 1.783e-09 -1.232e-08
1681 0 1.433e-09 -1.2135e-08
1682 0 1.433e-09 1.2135e-08
1683 0 1.783e-09 1.232e-08
1684 0 6.63e-10 4.914e-09
1685 0 6.25e-10 4.999e-09
1686 0 9.44e-09 -8.491e-09
1687 0 9.823e-09 -8.357e-09
1688 0 8.96e-09 -1.2246e-08
1689 0 2.36e-10 5.444e-09
1690 0 4.76e-10 -5.711e-09
1691 0 4.185e-09 -1.1375e-08
1692 0 4.193e-09 1.1352e-08
1693 0 1.1463e-08 8.395e-09
1694 0 1.1468e-08 -8.395e-09
1695 0 2.157e-09 -1.2197e-08
1696 0 2.322e-09 -1.1819e-08
1697 0 2.322e-09 1.1819e-08
1698 0 2.157e-09 1.2197e-08
1699 0 4.56e-10 -1.926e-09
1700 0 1.109e-09 -2.839e-09
1701 0 1.173e-09 -1.37e-09
1702 0 1.172e-09 7.23e-09
1703 0 1.05e-10 3.719e-09
1704 0 1.179e-09 -6.27e-09
1705 0 1.084e-09 -6.341e-09
1706 0 7.379e-09 9.692e-09
1707 0 7.505e-09 -9.713e-09
1708 0 1.068e-09 6.678e-09
1709 0 1.036e-09 -1.918e-09
1710 0 1.14e-10 -8.44e-09
1711 0 1.14e-10 8.44e-09
1712 0 7.81e-10 7.721e-09
1713 0 7.81e-10 -7.721e-09
1714 0 1.017e-09 -3.306e-09
1715 0 7.85e-10 5.661e-09
1716 0 9.9e-11 3.899e-09
1717 0 9.77e-10 -6.524e-09
1718 0 4.85e-10 6.467e-09
1719 0 1.028e-09 -1.3096e-08
1720 0 1.141e-09 -1.3426e-08
1721 0 1.141e-09 1.3426e-08
1722 0 1.028e-09 1.3096e-08
1723 0 9.88e-10 5.29e-09
1724 0 1.031e-09 -3.501e-09
1725 0 1.284e-09 -4.501e-09
1726 0 2.92e-10 3.597e-09
1727 0 1.2418e-08 7.048e-09
1728 0 1.2418e-08 -7.047e-09
1729 0 3.1e-10 -3.063e-09
1730 0 1.249e-09 1.3e-09
1731 0 1.216e-09 1.2e-09
1732 0 4.13e-10 3.853e-09
1733 0 1.2506e-08 -5.445e-09
1734 0 1.2759e-08 -5.698e-09
1735 0 1.2506e-08 5.445e-09
1736 0 1.2759e-08 5.698e-09
1737 0 1.1797e-08 -8.222e-09
1738 0 1.1793e-08 8.222e-09
1739 0 1.021e-08 -1.0393e-08
1740 0 4.5e-11 -3.388e-09
1741 0 1.824e-09 1.3012e-08
1742 0 1.824e-09 -1.3012e-08
1743 0 6.93e-10 -7.874e-09
1744 0 7.94e-10 -7.899e-09
1745 0 6.93e-10 7.874e-09
1746 0 7.94e-10 7.899e-09
1747 0 4.861e-09 -9.567e-09
1748 0 4.484e-09 -9.355e-09
1749 0 4.483e-09 9.356e-09
1750 0 4.859e-09 9.567e-09
1751 0 4.9e-11 -4.612e-09
1752 0 6.14e-10 3.879e-09
1753 0 9.394e-09 -5.081e-09
1754 0 5.584e-09 -8.189e-09
1755 0 6e-09 -8.151e-09
1756 0 6.009e-09 8.184e-09
1757 0 5.591e-09 8.222e-09
1758 0 4.38e-10 -3.8e-10
1759 0 2.856e-09 -1.3466e-08
1760 0 2.856e-09 1.3466e-08
1761 0 9.402e-09 -3.314e-09
1762 0 9.333e-09 3.239e-09
1763 0 7.41e-10 -5.789e-09
1764 0 1.3271e-08 1.3229e-08
1765 0 4.55e-10 -5.274e-09
1766 0 1.3709e-08 -5.513e-09
1767 0 1.3708e-08 5.512e-09
1768 0 1.052e-09 1.761e-09
1769 0 4.4e-11 -4.389e-09
1770 0 7.13e-09 -9.858e-09
1771 0 9.91e-10 4.505e-09
1772 0 9.62e-10 4.597e-09
1773 0 3e-10 -1.506e-09
1774 0 2.62e-10 -1.593e-09
1775 0 2.62e-10 7.007e-09
1776 0 3.01e-10 7.093e-09
1777 0 6.977e-09 -8.947e-09
1778 0 6.159e-09 -1.2578e-08
1779 0 5.757e-09 -1.2649e-08
1780 0 6.159e-09 1.2578e-08
1781 0 5.757e-09 1.2649e-08
1782 0 6.03e-10 -6.111e-09
1783 0 6.46e-10 -6.206e-09
1784 0 1.01e-10 2.482e-09
1785 0 4.41e-10 -3.902e-09
1786 0 4.9e-11 4.4e-09
1787 0 1.09e-10 1.912e-09
1788 0 7.22e-10 -2.307e-09
1789 0 8.29e-09 1.3505e-08
1790 0 7.914e-09 1.3362e-08
1791 0 1.262e-09 -4.907e-09
1792 0 1.303e-09 -5.006e-09
1793 0 3.54e-10 -2.791e-09
1794 0 2.2e-10 6.681e-09
1795 0 2.23e-10 -1.912e-09
1796 0 4.55e-10 -2.81e-10
1797 0 4.44e-10 2.335e-09
1798 0 3.78e-10 2.419e-09
1799 0 6.449e-09 -1.2905e-08
1800 0 6.344e-09 -1.3306e-08
1801 0 6.344e-09 1.3306e-08
1802 0 6.449e-09 1.2905e-08
1803 0 1.118e-09 5.179e-09
1804 0 7.956e-09 -1.4035e-08
1805 0 7.932e-09 1.4084e-08
1806 0 6.07e-10 -4.125e-09
1807 0 8.98e-10 -2.744e-09
1808 0 5.19e-09 7.105e-09
1809 0 5.19e-09 -7.105e-09
1810 0 2.21e-10 2.88e-10
1811 0 2.22e-10 -2.9e-10
1812 0 1.0136e-08 -4.408e-09
1813 0 9.771e-09 3.879e-09
1814 0 7.733e-09 -1.2168e-08
1815 0 6.07e-10 -2.988e-09
1816 0 5.516e-09 1.1886e-08
1817 0 5.516e-09 -1.1887e-08
1818 0 1.0929e-08 1.1801e-08
1819 0 6.96e-10 -5.942e-09
1820 0 5.68e-10 -2.47e-10
1821 0 5.981e-09 -6.785e-09
1822 0 5.942e-09 6.762e-09
1823 0 4.3e-11 3.805e-09
1824 0 5.583e-09 1.3068e-08
1825 0 5.583e-09 -1.3068e-08
1826 0 1.043e-09 2.73e-10
1827 0 1.01e-09 -4.098e-09
1828 0 1.038e-09 -4.005e-09
1829 0 1.051e-09 -6.688e-09
1830 0 1.031e-09 -2.83e-10
1831 0 1.189e-09 -2.916e-09
1832 0 7.04e-10 -6.032e-09
1833 0 7.9e-10 1.5e-09
1834 0 1.99e-10 3.884e-09
1835 0 2.6e-10 -6.1e-10
1836 0 3e-10 -6.95e-10
1837 0 2.61e-10 6.1e-10
1838 0 3e-10 6.95e-10
1839 0 6.245e-09 -8.498e-09
1840 0 1.2028e-08 7.196e-09
1841 0 1.2046e-08 7.576e-09
1842 0 1.2028e-08 -7.195e-09
1843 0 1.2046e-08 -7.576e-09
1844 0 6.724e-09 -9.637e-09
1845 0 1.165e-09 -5.415e-09
1846 0 1.92e-10 -2.737e-09
1847 0 1.03e-10 -2.707e-09
1848 0 7.27e-10 5.845e-09
1849 0 1.2002e-08 -4.509e-09
1850 0 1.2027e-08 4.515e-09
1851 0 2.164e-09 -1.1443e-08
1852 0 2.164e-09 1.1443e-08
1853 0 1.3041e-08 -6.482e-09
1854 0 1.3039e-08 6.482e-09
1855 0 5.7e-11 -6.202e-09
1856 0 2.754e-09 -1.1746e-08
1857 0 2.754e-09 1.1746e-08
1858 0 1.002e-09 5.688e-09
1859 0 1.003e-09 -2.908e-09
1860 0 2.84e-10 -6.639e-09
1861 0 1.066e-09 -5.28e-09
1862 0 6.653e-09 -9.228e-09
1863 0 1.74e-10 9.93e-10
1864 0 1.07e-10 9.26e-10
1865 0 1.07e-10 -7.326e-09
1866 0 1.07e-10 -9.26e-10
1867 0 1.74e-10 -9.93e-10
1868 0 1.74e-10 -7.393e-09
1869 0 1.1037e-08 -2.318e-09
1870 0 1.1033e-08 2.33e-09
1871 0 6.15e-10 9.567e-09
1872 0 6.15e-10 -9.567e-09
1873 0 6.23e-09 5.885e-09
1874 0 6.478e-09 6.18e-09
1875 0 6.506e-09 -6.158e-09
1876 0 6.249e-09 -5.91e-09
1877 0 7.03e-10 1.151e-09
1878 0 6.64e-10 5.076e-09
1879 0 3.729e-09 9.481e-09
1880 0 3.426e-09 9.809e-09
1881 0 9.963e-09 -1.0017e-08
1882 0 1.237e-08 -8.785e-09
1883 0 1.2183e-08 -8.394e-09
1884 0 1.2373e-08 8.783e-09
1885 0 1.2184e-08 8.393e-09
1886 0 7.787e-09 -1.2537e-08
1887 0 7.578e-09 -1.2859e-08
1888 0 1.649e-09 -1.2742e-08
1889 0 1.649e-09 1.2742e-08
1890 0 7.29e-10 5.952e-09
1891 0 6.4e-10 -1.2213e-08
1892 0 6.4e-10 1.2213e-08
1893 0 9.5e-10 5.896e-09
1894 0 1.73e-10 -1.207e-09
1895 0 1.73e-10 7.393e-09
1896 0 1.07e-10 -1.273e-09
1897 0 1.07e-10 7.327e-09
1898 0 9.74e-10 -2.301e-09
1899 0 8.23e-10 2.077e-09
1900 0 8.97e-10 2.021e-09
1901 0 4.7e-10 4.336e-09
1902 0 1.015e-08 -8.527e-09
1903 0 1.321e-08 -6.087e-09
1904 0 1.3208e-08 6.086e-09
1905 0 2.25e-10 3.421e-09
1906 0 4.97e-10 4.512e-09
1907 0 1.26e-09 -5.086e-09
1908 0 1.88e-10 2.913e-09
1909 0 9.7e-10 -6.641e-09
1910 0 7.21e-10 3.395e-09
1911 0 4.446e-09 -8.971e-09
1912 0 4.447e-09 8.972e-09
1913 0 4.9e-11 -5.799e-09
1914 0 4.54e-10 -2.943e-09
1915 0 1.316e-09 -2.796e-09
1916 0 7.5e-11 3.094e-09
1917 0 5.25e-10 -3.751e-09
1918 0 6.642e-09 -1.3947e-08
1919 0 6.645e-09 1.3948e-08
1920 0 8.49e-10 -7.799e-09
1921 0 8.49e-10 7.799e-09
1922 0 4.15e-10 6.83e-10
1923 0 4.14e-10 -6.84e-10
1924 0 1.52e-10 3.094e-09
1925 0 9.4e-10 -2.403e-09
1926 0 9.73e-10 -5.248e-09
1927 0 1.14e-10 5.881e-09
1928 0 9.789e-09 -3.127e-09
1929 0 9.744e-09 3.087e-09
1930 0 2.05e-10 3.771e-09
1931 0 3.95e-10 3.559e-09
1932 0 6.64e-09 9.222e-09
1933 0 1.2396e-08 1.3303e-08
1934 0 1.2396e-08 -1.331e-08
1935 0 1.3077e-08 5.674e-09
1936 0 1.3077e-08 -5.674e-09
1937 0 4.604e-09 -1.0205e-08
1938 0 4.894e-09 -1.0006e-08
1939 0 4.893e-09 1.0003e-08
1940 0 4.602e-09 1.0204e-08
1941 0 1.311e-09 -4.171e-09
1942 0 1.2729e-08 -6.455e-09
1943 0 1.2439e-08 -6.71e-09
1944 0 1.2439e-08 6.71e-09
1945 0 1.2729e-08 6.455e-09
1946 0 1.234e-09 4.445e-09
1947 0 3.46e-10 5.017e-09
1948 0 8.17e-10 6.018e-09
1949 0 8.96e-10 4.449e-09
1950 0 7.01e-10 1.053e-09
1951 0 7.01e-10 -1.053e-09
1952 0 7.01e-10 -7.453e-09
1953 0 3.02e-10 7.542e-09
1954 0 3.02e-10 -7.542e-09
1955 0 9.813e-09 1.1021e-08
1956 0 7.25e-10 2.36e-09
1957 0 7.55e-10 2.266e-09
1958 0 4.61e-10 -5.622e-09
1959 0 1.97e-10 5.265e-09
1960 0 9.9e-11 5.289e-09
1961 0 7.11e-10 -6.371e-09
1962 0 7.16e-10 -6.465e-09
1963 0 7.01e-10 -1.148e-09
1964 0 7.01e-10 7.453e-09
1965 0 1.3784e-08 4.697e-09
1966 0 1.3784e-08 -4.697e-09
1967 0 8.96e-10 -4.639e-09
1968 0 1.06e-10 3.266e-09
1969 0 1.83e-10 3.2e-09
1970 0 4.16e-10 7.082e-09
1971 0 4.15e-10 -1.517e-09
1972 0 9.06e-10 5.991e-09
1973 0 6.54e-10 -9.337e-09
1974 0 6.54e-10 9.337e-09
1975 0 4.8e-11 5.794e-09
1976 0 9.2e-10 1.3797e-08
1977 0 9.2e-10 -1.3797e-08
1978 0 4.66e-10 -4.474e-09
1979 0 5.14e-10 -2.996e-09
1980 0 6.637e-09 3.523e-09
1981 0 6.637e-09 -3.523e-09
1982 0 5.61e-10 -1.954e-09
1983 0 8.52e-10 -4.386e-09
1984 0 1.275e-09 -2.118e-09
1985 0 1.275e-09 6.482e-09
1986 0 6.47e-10 9.815e-09
1987 0 6.47e-10 -9.815e-09
1988 0 2.15e-10 5.839e-09
1989 0 1.2533e-08 4.057e-09
1990 0 1.2189e-08 4.203e-09
1991 0 1.2533e-08 -4.057e-09
1992 0 1.2189e-08 -4.203e-09
1993 0 1.278e-09 -6.311e-09
1994 0 1.2013e-08 1.3277e-08
1995 0 1.2004e-08 -1.3285e-08
1996 0 9.79e-10 -4.894e-09
1997 0 7.27e-10 3.005e-09
1998 0 1.3273e-08 -1.3246e-08
1999 0 1.16e-10 1.151e-09
2000 0 5e-11 1.218e-09
2001 0 2.29e-10 2.301e-09
2002 0 2.69e-10 2.403e-09
2003 0 9.362e-09 -1.1705e-08
2004 0 1.3526e-08 1.2434e-08
2005 0 3.446e-09 -9.821e-09
2006 0 3.747e-09 -9.494e-09
2007 0 1.11e-09 2.053e-09
2008 0 1.0161e-08 8.521e-09
2009 0 4.4e-11 5.2e-09
2010 0 1.19e-09 1.366e-09
2011 0 4e-10 7.771e-09
2012 0 4e-10 -7.771e-09
2013 0 8.9e-10 -6.467e-09
2014 0 6.13e-10 -8.04e-09
2015 0 6.13e-10 8.04e-09
2016 0 6.89e-10 5.647e-09
2017 0 5.14e-10 2.96e-09
2018 0 1.0638e-08 -1.0238e-08
2019 0 1.101e-09 -4.149e-09
2020 0 1.054e-08 2.803e-09
2021 0 1.0546e-08 -2.769e-09
2022 0 9.689e-09 -5.328e-09
2023 0 1.28e-09 8e-11
2024 0 4.2e-11 -4.209e-09
2025 0 5.93e-10 4.83e-09
2026 0 6.42e-10 6.93e-10
2027 0 6.42e-10 -6.94e-10
2028 0 4.56e-09 -1.2581e-08
2029 0 4.901e-09 -1.2749e-08
2030 0 4.56e-09 1.2581e-08
2031 0 4.901e-09 1.2749e-08
2032 0 3.284e-09 -1.0562e-08
2033 0 3.48e-09 -1.0941e-08
2034 0 4.14e-10 3.465e-09
2035 0 8.95e-10 2.411e-09
2036 0 7.97e-10 2.428e-09
2037 0 5.05e-10 -6.877e-09
2038 0 7.256e-09 -6.168e-09
2039 0 7.35e-10 3.158e-09
2040 0 6.61e-10 3.091e-09
2041 0 1.3484e-08 -1.2494e-08
2042 0 1.158e-09 2.26e-10
2043 0 6.31e-10 -5.625e-09
2044 0 5.54e-10 -5.566e-09
2045 0 8.306e-09 1.3943e-08
2046 0 8.349e-09 -1.3888e-08
2047 0 9.96e-10 -4.485e-09
2048 0 1.265e-09 2.443e-09
2049 0 3.22e-10 -4.084e-09
2050 0 2.81e-10 -4.181e-09
2051 0 1.139e-09 -2.4e-10
2052 0 8.38e-10 -2.573e-09
2053 0 3.95e-10 7.6e-09
2054 0 3.95e-10 -7.6e-09
2055 0 3.57e-10 7.696e-09
2056 0 3.57e-10 -7.696e-09
2057 0 5.9e-10 -5.725e-09
2058 0 1.146e-09 -6.637e-09
2059 0 1.46e-10 1.1999e-08
2060 0 1.46e-10 -1.1999e-08
2061 0 8.807e-09 3.793e-09
2062 0 8.845e-09 -3.807e-09
2063 0 5.56e-10 -4.478e-09
2064 0 6.42e-10 -1.506e-09
2065 0 6.42e-10 7.094e-09
2066 0 1.184e-09 7.134e-09
2067 0 1.188e-09 -1.463e-09
2068 0 8.671e-09 -3.395e-09
2069 0 8.646e-09 3.382e-09
2070 0 1.66e-10 1.0952e-08
2071 0 1.66e-10 -1.0952e-08
2072 0 1.064e-08 1.0237e-08
2073 0 1.19e-09 4.609e-09
2074 0 1.3202e-08 1.0211e-08
2075 0 8.13e-10 -3.997e-09
2076 0 2.48e-10 -1.12e-10
2077 0 2.84e-10 -2.16e-10
2078 0 1.145e-09 -5.221e-09
2079 0 1.0533e-08 3.229e-09
2080 0 1.0529e-08 -3.182e-09
2081 0 1.2099e-08 1.1495e-08
2082 0 1.756e-09 8.526e-09
2083 0 1.756e-09 -8.526e-09
2084 0 1.89e-10 -3.296e-09
2085 0 9.561e-09 6.67e-09
2086 0 9.525e-09 7.046e-09
2087 0 1.08e-10 -4.135e-09
2088 0 1.151e-09 -1.967e-09
2089 0 1.169e-09 6.623e-09
2090 0 7.065e-09 -1.4091e-08
2091 0 7.068e-09 1.4092e-08
2092 0 7.2e-10 -5.606e-09
2093 0 1.09e-10 -4.716e-09
2094 0 3.357e-09 -1.1933e-08
2095 0 3.356e-09 1.1934e-08
2096 0 2.86e-10 -1.987e-09
2097 0 2.52e-10 -2.09e-09
2098 0 4.35e-10 4.698e-09
2099 0 1.276e-09 -4.275e-09
2100 0 2.045e-09 8.795e-09
2101 0 2.045e-09 -8.795e-09
2102 0 6.665e-09 -1.356e-08
2103 0 6.668e-09 1.3561e-08
2104 0 7.52e-10 -4.502e-09
2105 0 1.101e-09 4.037e-09
2106 0 1.176e-09 4.097e-09
2107 0 1.076e-09 3.399e-09
2108 0 9.12e-10 -4.548e-09
2109 0 5.48e-10 6.336e-09
2110 0 9.93e-10 6.504e-09
2111 0 6.18e-10 6.991e-09
2112 0 6.15e-10 -1.607e-09
2113 0 6.15e-10 1.484e-09
2114 0 1.0685e-08 -1.1883e-08
2115 0 1.0942e-08 -1.1595e-08
2116 0 4.017e-09 1.4093e-08
2117 0 4.017e-09 -1.4093e-08
2118 0 7.25e-10 3.239e-09
2119 0 6.5e-10 3.307e-09
2120 0 6.84e-10 7.767e-09
2121 0 6.84e-10 -7.767e-09
2122 0 8.202e-09 -1.2719e-08
2123 0 8.387e-09 1.2618e-08
2124 0 9.83e-10 1.05e-10
2125 0 6.291e-09 1.0307e-08
2126 0 6.228e-09 9.887e-09
2127 0 9.361e-09 8.882e-09
2128 0 9.344e-09 -8.885e-09
2129 0 3.246e-09 1.0541e-08
2130 0 3.44e-09 1.0919e-08
2131 0 4.33e-10 -4.116e-09
2132 0 9.762e-09 5.401e-09
2133 0 4.91e-10 -5.085e-09
2134 0 9.37e-10 -2.561e-09
2135 0 6.14e-10 -5.91e-10
2136 0 6.18e-10 5.89e-10
2137 0 1.0774e-08 8.362e-09
2138 0 1.0771e-08 -8.363e-09
2139 0 1.311e-09 2.251e-09
2140 0 5.92e-10 -2.046e-09
2141 0 5.26e-10 -2.119e-09
2142 0 6.98e-10 -7.555e-09
2143 0 6.98e-10 7.555e-09
2144 0 8.87e-10 -5.1e-11
2145 0 2.01e-10 2.485e-09
2146 0 4.231e-09 -1.0039e-08
2147 0 9.82e-09 -7.3e-09
2148 0 9.849e-09 7.297e-09
2149 0 5.56e-10 5.522e-09
2150 0 1.3943e-08 -2.565e-09
2151 0 1.3943e-08 2.565e-09
2152 0 3.555e-09 -1.2267e-08
2153 0 3.929e-09 -1.2268e-08
2154 0 3.555e-09 1.2267e-08
2155 0 3.929e-09 1.2268e-08
2156 0 5.94e-10 2.485e-09
2157 0 1.1157e-08 5.59e-09
2158 0 1.1138e-08 5.237e-09
2159 0 1.1139e-08 -5.248e-09
2160 0 1.1157e-08 -5.593e-09
2161 0 8.84e-09 -1.2623e-08
2162 0 4.2e-11 -4.996e-09
2163 0 2.64e-10 3.951e-09
2164 0 1.3172e-08 9.853e-09
2165 0 1.314e-08 -9.846e-09
2166 0 1.3513e-08 -9.833e-09
2167 0 1.3526e-08 9.833e-09
2168 0 4.35e-10 -2.579e-09
2169 0 4e-11 -2.8e-09
2170 0 3.051e-09 9.692e-09
2171 0 3.061e-09 -9.704e-09
2172 0 7.778e-09 -4.623e-09
2173 0 6.74e-10 -2.375e-09
2174 0 4.42e-10 6.037e-09
2175 0 8.11e-10 -2.324e-09
2176 0 1.011e-09 4.115e-09
2177 0 1.1529e-08 5.808e-09
2178 0 1.1849e-08 5.593e-09
2179 0 1.1849e-08 -5.594e-09
2180 0 1.1529e-08 -5.81e-09
2181 0 2.33e-09 -9.431e-09
2182 0 2.329e-09 9.429e-09
2183 0 6.26e-10 -3.427e-09
2184 0 7.19e-10 -3.425e-09
2185 0 1.274e-09 5.18e-09
2186 0 3.8e-11 2.997e-09
2187 0 2.884e-09 -1.1337e-08
2188 0 3.276e-09 -1.1271e-08
2189 0 2.882e-09 1.1339e-08
2190 0 3.273e-09 1.1273e-08
2191 0 5.32e-10 -1.762e-09
2192 0 1.3542e-08 -1.0207e-08
2193 0 9.625e-09 -9.197e-09
2194 0 9.626e-09 9.203e-09
2195 0 3.85e-10 4.373e-09
2196 0 3.88e-10 -2.14e-10
2197 0 3.44e-10 -3.257e-09
2198 0 8.456e-09 -1.254e-08
2199 0 1.03e-10 -7.463e-09
2200 0 3.7e-11 -7.397e-09
2201 0 1.27e-09 -2.891e-09
2202 0 3.7e-11 7.397e-09
2203 0 1.03e-10 7.463e-09
2204 0 6.184e-09 7.878e-09
2205 0 6.181e-09 -7.882e-09
2206 0 3.59e-10 1.1728e-08
2207 0 3.59e-10 -1.1728e-08
2208 0 1.079e-09 -5.382e-09
2209 0 1.016e-09 2.294e-09
2210 0 1.023e-09 2.112e-09
2211 0 3.7e-11 9.97e-10
2212 0 1.03e-10 1.063e-09
2213 0 1.03e-10 -1.063e-09
2214 0 3.7e-11 -9.97e-10
2215 0 1.3169e-08 -1.022e-08
2216 0 4.01e-10 4.478e-09
2217 0 3.7e-11 -1.203e-09
2218 0 1.03e-10 -1.137e-09
2219 0 3.79e-10 1.1196e-08
2220 0 3.79e-10 -1.1196e-08
2221 0 9.54e-10 2.096e-09
2222 0 8.81e-10 2.152e-09
2223 0 4.26e-10 -4.788e-09
2224 0 1.18e-09 2.123e-09
2225 0 5.31e-10 -4.37e-10
2226 0 3.6e-11 3.197e-09
2227 0 8.58e-10 -4.841e-09
2228 0 4.145e-09 -9.629e-09
2229 0 1.62e-10 1.2573e-08
2230 0 1.62e-10 -1.2573e-08
2231 0 1.258e-09 -1.518e-09
2232 0 1.252e-09 7.077e-09
2233 0 8.064e-09 -9.279e-09
2234 0 3.5e-11 1.398e-09
2235 0 1.263e-09 -7.084e-09
2236 0 1.265e-09 -6.99e-10
2237 0 1.265e-09 6.99e-10
2238 0 7.08e-09 -1.3409e-08
2239 0 7.088e-09 1.3421e-08
2240 0 1.2481e-08 1.2876e-08
2241 0 1.2499e-08 -1.2889e-08
2242 0 9.704e-09 -1.1492e-08
2243 0 1.159e-09 8.147e-09
2244 0 1.159e-09 -8.147e-09
2245 0 4.57e-10 5.04e-09
2246 0 9.752e-09 1.1407e-08
2247 0 1.0573e-08 7.609e-09
2248 0 1.0568e-08 -7.61e-09
2249 0 8.84e-10 -6.364e-09
2250 0 7.527e-09 -4.403e-09
2251 0 8.71e-09 1.1213e-08
2252 0 4.218e-09 1.004e-08
2253 0 4.133e-09 9.628e-09
2254 0 3.9e-10 -1.994e-09
2255 0 9.86e-10 -2.467e-09
2256 0 7.84e-10 -5.699e-09
2257 0 6.48e-10 -7.111e-09
2258 0 4.78e-10 3.617e-09
2259 0 6.576e-09 -7.992e-09
2260 0 6.773e-09 -7.758e-09
2261 0 6.564e-09 7.991e-09
2262 0 6.808e-09 7.7e-09
2263 0 3.44e-10 -4.968e-09
2264 0 8.03e-09 -6.568e-09
2265 0 1.006e-09 -5.44e-09
2266 0 2.61e-10 5.328e-09
2267 0 7.78e-09 4.645e-09
2268 0 7.539e-09 4.409e-09
2269 0 2e-10 -4.202e-09
2270 0 5.892e-09 1.178e-08
2271 0 5.891e-09 -1.1781e-08
2272 0 1.19e-09 -5.507e-09
2273 0 8.02e-10 -6.515e-09
2274 0 5.75e-10 3.586e-09
2275 0 5.91e-10 3.496e-09
2276 0 6.664e-09 -5.403e-09
2277 0 6.665e-09 5.405e-09
2278 0 4.11e-10 2.929e-09
2279 0 1.1528e-08 1.2101e-08
2280 0 7.243e-09 -6.508e-09
2281 0 1.2117e-08 6.428e-09
2282 0 1.2117e-08 -6.428e-09
2283 0 5.168e-09 5.882e-09
2284 0 5.158e-09 -5.9e-09
2285 0 2.24e-10 7.598e-09
2286 0 2.24e-10 -7.598e-09
2287 0 1.0798e-08 -1.2247e-08
2288 0 3.227e-09 8.955e-09
2289 0 3.235e-09 -8.967e-09
2290 0 5.12e-10 3.433e-09
2291 0 1.2155e-08 5.72e-09
2292 0 1.2155e-08 -5.72e-09
2293 0 1.3556e-08 1.0192e-08
2294 0 7.41e-10 3.3e-11
2295 0 1.223e-09 2.92e-10
2296 0 4.32e-10 -5.455e-09
2297 0 1.985e-09 -9.234e-09
2298 0 1.985e-09 9.234e-09
2299 0 1.209e-09 -3.02e-10
2300 0 4.425e-09 1.3972e-08
2301 0 4.425e-09 -1.3972e-08
2302 0 7.69e-10 -4.34e-09
2303 0 7.36e-10 -4.253e-09
2304 0 1.315e-09 -4.596e-09
2305 0 1.215e-09 -6.695e-09
2306 0 7.93e-10 -4.672e-09
2307 0 5.35e-10 3.757e-09
2308 0 7.08e-10 -3.995e-09
2309 0 9.83e-10 8.027e-09
2310 0 9.83e-10 -8.027e-09
2311 0 8.45e-10 8.019e-09
2312 0 8.45e-10 -8.019e-09
2313 0 2.21e-10 -3.109e-09
2314 0 1.03e-10 -5.076e-09
2315 0 7.89e-10 -7.025e-09
2316 0 1.082e-09 2.365e-09
2317 0 1.0881e-08 -2.705e-09
2318 0 1.0877e-08 2.717e-09
2319 0 3.47e-10 5.34e-10
2320 0 3.45e-10 -5.4e-10
2321 0 3.49e-10 6.932e-09
2322 0 3.48e-10 -1.662e-09
2323 0 7.44e-10 7.05e-10
2324 0 7.44e-10 -7.06e-10
2325 0 1.1193e-08 -1.2354e-08
2326 0 5.513e-09 8.702e-09
2327 0 5.552e-09 -8.669e-09
2328 0 6.247e-09 4.863e-09
2329 0 6.091e-09 5.237e-09
2330 0 6.245e-09 -4.862e-09
2331 0 6.091e-09 -5.237e-09
2332 0 6.624e-09 9.663e-09
2333 0 3.11e-10 -9.17e-09
2334 0 3.11e-10 9.17e-09
2335 0 3.904e-09 -1.1631e-08
2336 0 3.899e-09 1.1628e-08
2337 0 1.222e-09 -1.905e-09
2338 0 1.235e-09 6.686e-09
2339 0 8.034e-09 -6.181e-09
2340 0 6.31e-10 8.73e-09
2341 0 6.31e-10 -8.73e-09
2342 0 5.16e-10 4.98e-09
2343 0 7.43e-10 -1.495e-09
2344 0 7.43e-10 7.107e-09
2345 0 5.66e-10 6.178e-09
2346 0 1.93e-10 -5.032e-09
2347 0 5.17e-10 3.837e-09
2348 0 4.32e-10 -2.305e-09
2349 0 1.354e-09 -8.65e-09
2350 0 1.354e-09 8.65e-09
2351 0 7.45e-10 -7.112e-09
2352 0 8.008e-09 1.1216e-08
2353 0 8.92e-10 -5.324e-09
2354 0 9.12e-10 -5.415e-09
2355 0 3.921e-09 1.0294e-08
2356 0 3.969e-09 -1.0318e-08
2357 0 6.568e-09 -7.414e-09
2358 0 6.599e-09 7.356e-09
2359 0 1.588e-09 1.339e-08
2360 0 1.588e-09 -1.339e-08
2361 0 7.643e-09 -5.998e-09
2362 0 6.55e-10 6.2e-11
2363 0 5.63e-10 1.6e-11
2364 0 1.267e-09 4.355e-09
2365 0 1.236e-09 4.268e-09
2366 0 8.149e-09 -4.555e-09
2367 0 8.137e-09 4.59e-09
2368 0 1.084e-09 7.098e-09
2369 0 1.093e-09 -1.51e-09
2370 0 6.957e-09 -5.609e-09
2371 0 6.931e-09 5.608e-09
2372 0 1.283e-09 -5.519e-09
2373 0 9.2e-11 1.471e-09
2374 0 1.1243e-08 1.2361e-08
2375 0 1.088e-08 1.2212e-08
2376 0 7.966e-09 5.224e-09
2377 0 9.46e-10 -4.806e-09
2378 0 1.331e-09 -5.425e-09
2379 0 1.2243e-08 2.5e-09
2380 0 1.2191e-08 2.893e-09
2381 0 1.2191e-08 -2.892e-09
2382 0 1.2242e-08 -2.499e-09
2383 0 6.976e-09 1.1164e-08
2384 0 6.727e-09 1.0891e-08
2385 0 6.991e-09 -1.1168e-08
2386 0 6.751e-09 -1.0892e-08
2387 0 6.57e-10 5.552e-09
2388 0 5.91e-10 2.23e-09
2389 0 1.71e-10 1.426e-09
2390 0 4.53e-10 6.316e-09
2391 0 4.57e-10 3.705e-09
2392 0 7.88e-10 6.18e-10
2393 0 7.87e-10 -6.2e-10
2394 0 8.39e-10 -4.492e-09
2395 0 2.41e-10 -8.136e-09
2396 0 2.41e-10 8.136e-09
2397 0 2.54e-10 -7.693e-09
2398 0 2.54e-10 7.693e-09
2399 0 7.87e-10 7.019e-09
2400 0 7.86e-10 -1.583e-09
2401 0 7.57e-10 8.093e-09
2402 0 7.57e-10 -8.093e-09
2403 0 5.185e-09 5.508e-09
2404 0 5.176e-09 -5.526e-09
2405 0 3.531e-09 1.1615e-08
2406 0 3.533e-09 -1.1614e-08
2407 0 3.58e-09 -1.0234e-08
2408 0 3.533e-09 1.021e-08
2409 0 3.214e-09 -8.602e-09
2410 0 3.214e-09 8.602e-09
2411 0 6.87e-10 -4.085e-09
2412 0 6.791e-09 -2.835e-09
2413 0 6.754e-09 -2.467e-09
2414 0 6.754e-09 2.467e-09
2415 0 6.791e-09 2.835e-09
2416 0 2.983e-09 -8.391e-09
2417 0 2.983e-09 8.391e-09
2418 0 8.064e-09 -1.1899e-08
2419 0 9.01e-10 5.5e-11
2420 0 7.905e-09 5.565e-09
2421 0 6.365e-09 -5.527e-09
2422 0 6.366e-09 5.527e-09
2423 0 3.527e-09 -8.52e-09
2424 0 3.527e-09 8.52e-09
2425 0 8.868e-09 4.588e-09
2426 0 8.914e-09 -4.508e-09
2427 0 1.1738e-08 7.764e-09
2428 0 1.1743e-08 -7.763e-09
2429 0 6.497e-09 1.1582e-08
2430 0 6.841e-09 1.1543e-08
2431 0 6.837e-09 -1.1544e-08
2432 0 6.493e-09 -1.1583e-08
2433 0 5.55e-10 -2.453e-09
2434 0 6.45e-10 6.466e-09
2435 0 7.1e-10 -2.468e-09
2436 0 7.96e-10 -2.492e-09
2437 0 7.32e-10 8.195e-09
2438 0 7.32e-10 -8.195e-09
2439 0 1.5e-10 -1.0084e-08
2440 0 1.5e-10 1.0084e-08
2441 0 3.07e-10 1.2284e-08
2442 0 3.07e-10 -1.2284e-08
2443 0 6.278e-09 -1.1288e-08
2444 0 6.382e-09 -1.0973e-08
2445 0 6.277e-09 1.1292e-08
2446 0 6.371e-09 1.098e-08
2447 0 8.495e-09 5.862e-09
2448 0 8.127e-09 5.825e-09
2449 0 7.9e-10 -6.318e-09
2450 0 9.98e-10 -3.405e-09
2451 0 6.87e-10 2.201e-09
2452 0 1.19e-10 -1.0502e-08
2453 0 1.19e-10 1.0502e-08
2454 0 7.298e-09 -5.447e-09
2455 0 7.642e-09 -5.648e-09
2456 0 1.183e-09 3.91e-10
2457 0 1.189e-09 -6.783e-09
2458 0 2.71e-10 8.282e-09
2459 0 2.71e-10 -8.282e-09
2460 0 1.1443e-08 -5.038e-09
2461 0 1.1781e-08 -5.167e-09
2462 0 1.1806e-08 5.172e-09
2463 0 1.1467e-08 5.034e-09
2464 0 1.1082e-08 -8.161e-09
2465 0 1.1079e-08 8.161e-09
2466 0 1.178e-09 -3.96e-10
2467 0 2.44e-10 -3.226e-09
2468 0 8.6e-11 -4.298e-09
2469 0 1.78e-10 -4.299e-09
2470 0 6.91e-10 -1.1843e-08
2471 0 6.91e-10 1.1843e-08
2472 0 4.56e-10 -3.805e-09
2473 0 1.301e-09 4.196e-09
2474 0 8.49e-10 -2.415e-09
2475 0 1.17e-10 -9.338e-09
2476 0 1.17e-10 9.338e-09
2477 0 1.187e-09 -1.805e-09
2478 0 1.203e-09 6.778e-09
2479 0 8.16e-10 9.8e-11
2480 0 5.93e-09 -1.139e-08
2481 0 5.675e-09 -1.1166e-08
2482 0 5.928e-09 1.1393e-08
2483 0 5.673e-09 1.117e-08
2484 0 6.05e-10 -4.393e-09
2485 0 7.04e-10 -4.419e-09
2486 0 4.102e-09 -1.1952e-08
2487 0 4.098e-09 1.1948e-08
2488 0 5.68e-10 6.421e-09
2489 0 8.5e-11 1.316e-09
2490 0 1.64e-10 1.337e-09
2491 0 5.24e-10 -2.29e-09
2492 0 8.7e-11 2.913e-09
2493 0 7.54e-09 5.687e-09
2494 0 7.265e-09 5.457e-09
2495 0 1.299e-09 1.2789e-08
2496 0 1.299e-09 -1.2789e-08
2497 0 8.725e-09 -4.873e-09
2498 0 8.343e-09 -4.88e-09
2499 0 8.94e-10 -3.418e-09
2500 0 7.684e-09 5.003e-09
2501 0 7.689e-09 -4.972e-09
2502 0 3.86e-10 -3.747e-09
2503 0 6.77e-10 -2.217e-09
2504 0 5.7e-10 -2.208e-09
2505 0 6.88e-09 6.026e-09
2506 0 6.915e-09 -5.981e-09
2507 0 1.133e-09 2.208e-09
2508 0 1.05e-09 2.206e-09
2509 0 7.625e-09 -6.726e-09
2510 0 7.343e-09 -5.098e-09
2511 0 7.348e-09 5.114e-09
2512 0 1.2244e-08 6.078e-09
2513 0 1.258e-08 6.083e-09
2514 0 1.2244e-08 -6.078e-09
2515 0 1.258e-08 -6.083e-09
2516 0 5.83e-10 -2.368e-09
2517 0 2.72e-10 -9.515e-09
2518 0 2.72e-10 9.515e-09
2519 0 3.04e-10 -9.887e-09
2520 0 3.04e-10 9.887e-09
2521 0 2.85e-10 -1.0715e-08
2522 0 2.85e-10 1.0715e-08
2523 0 5.49e-10 -1.0334e-08
2524 0 5.49e-10 1.0334e-08
2525 0 1.104e-09 8.382e-09
2526 0 1.104e-09 -8.382e-09
2527 0 2.69e-10 -1.0286e-08
2528 0 2.69e-10 1.0286e-08
2529 0 5.65e-10 -1.0617e-08
2530 0 5.65e-10 1.0617e-08
2531 0 4.85e-10 -8.323e-09
2532 0 4.85e-10 8.323e-09
2533 0 3.75e-10 -8.286e-09
2534 0 3.75e-10 8.286e-09
