i status r z
<type 'numpy.int64'> <type 'numpy.int64'> <type 'numpy.float64'> <type 'numpy.float64'>
1400 1400 1400 1400
0 0 6.63e-10 8.372e-09
1 0 6.63e-10 -8.372e-09
2 0 2.598e-09 8.396e-09
3 0 2.691e-09 8.36e-09
4 0 2.67e-09 -8.422e-09
5 0 3.69e-10 -7.224e-09
6 0 3.71e-10 1.377e-09
7 0 3.66e-10 7.222e-09
8 0 4.3e-11 -4.35e-10
9 0 3.79e-10 1.471e-09
10 0 8.3e-11 -1.141e-09
11 0 3.75e-10 7.136e-09
12 0 3.75e-10 -7.133e-09
13 0 2.6e-10 7.107e-09
14 0 2.72e-10 -8.221e-09
15 0 2.72e-10 8.221e-09
16 0 8e-11 1.425e-09
17 0 3.36e-10 3.27e-09
18 0 2.52e-10 3.554e-09
19 0 1.58e-10 1.032e-09
20 0 2.4e-10 -2.831e-09
21 0 1.67e-10 6.03e-10
22 0 4.1e-11 -1.184e-09
23 0 4.625e-09 5.013e-09
24 0 4.625e-09 -5.013e-09
25 0 2.32e-10 -2.906e-09
26 0 5.067e-09 -4.161e-09
27 0 5.067e-09 4.161e-09
28 0 1.68e-10 5.11e-10
29 0 2.84e-10 -2.942e-09
30 0 1.77e-10 -5.763e-09
31 0 2.1e-10 -1.766e-09
32 0 3.5e-11 1.394e-09
33 0 7.5e-11 -3.85e-10
34 0 2.42e-10 2.45e-10
35 0 2.07e-10 1.066e-09
36 0 9.6e-11 -7.846e-09
37 0 9.6e-11 7.846e-09
38 0 3.41e-10 3.331e-09
39 0 3.57e-10 2.81e-10
40 0 1.63e-10 -1.719e-09
41 0 2.27e-10 -3.535e-09
42 0 2.25e-10 -6.599e-09
43 0 2.45e-10 7.173e-09
44 0 4.6e-11 2.185e-09
45 0 4.5e-11 1.932e-09
46 0 4.4e-11 2.954e-09
47 0 4.6e-11 2.702e-09
48 0 3.463e-09 5.919e-09
49 0 2.89e-10 2.81e-10
50 0 2.74e-10 -3.497e-09
51 0 2.73e-10 -6.634e-09
52 0 1.57e-10 -1.7e-11
53 0 1.67e-10 3.11e-09
54 0 1.56e-10 1.859e-09
55 0 7.245e-09 -9.988e-09
56 0 7.245e-09 9.988e-09
57 0 1.64e-10 -7.43e-09
58 0 1.66e-10 1.171e-09
59 0 1.64e-10 7.43e-09
60 0 1.6e-10 -1.031e-09
61 0 2.18e-10 3.842e-09
62 0 2.07e-10 3.49e-09
63 0 1.6e-10 1.793e-09
64 0 2.08e-10 -1.136e-09
65 0 2.12e-10 -7.466e-09
66 0 2.12e-10 1.134e-09
67 0 2.12e-10 7.466e-09
68 0 1.6e-10 3.033e-09
69 0 2.08e-10 -1.066e-09
70 0 3.18e-10 7.091e-09
71 0 3.08e-10 -7.02e-09
72 0 3.579e-09 -6.219e-09
73 0 3.577e-09 6.285e-09
74 0 7.6e-11 1.996e-09
75 0 7.6e-11 2.121e-09
76 0 7.5e-11 2.889e-09
77 0 7.7e-11 2.766e-09
78 0 7.2e-11 -6.211e-09
79 0 7.2e-11 -4.949e-09
80 0 7.2e-11 4.163e-09
81 0 2.28e-10 -7.955e-09
82 0 2.28e-10 7.955e-09
83 0 2.53e-10 -7.289e-09
84 0 2.52e-10 7.291e-09
85 0 1.66e-10 -1.177e-09
86 0 2.27e-10 6.082e-09
87 0 2.27e-10 6.598e-09
88 0 2.28e-10 4.546e-09
89 0 2.3e-10 2.678e-09
90 0 2.1e-10 2.755e-09
91 0 2.07e-10 2.9e-09
92 0 2.23e-10 2.979e-09
93 0 2.15e-10 1.901e-09
94 0 2.02e-10 1.981e-09
95 0 2.07e-10 2.131e-09
96 0 2.28e-10 2.202e-09
97 0 2.28e-10 4.76e-10
98 0 1.384e-09 -8.127e-09
99 0 1.385e-09 8.126e-09
100 0 1.7e-10 -2.804e-09
101 0 2.97e-10 -7.242e-09
102 0 2.94e-10 7.242e-09
103 0 8.026e-09 -9.836e-09
104 0 8.026e-09 9.836e-09
105 0 3.43e-10 -1.932e-09
106 0 4.793e-09 8.194e-09
107 0 4.793e-09 -8.194e-09
108 0 9e-11 -5.66e-09
109 0 8.256e-09 -5.388e-09
110 0 8.256e-09 5.388e-09
111 0 8.8e-11 -2.418e-09
112 0 2.74e-10 6.115e-09
113 0 2.74e-10 6.631e-09
114 0 2.75e-10 4.579e-09
115 0 8.624e-09 -5.904e-09
116 0 8.624e-09 5.904e-09
117 0 3.29e-10 -1.187e-09
118 0 4.495e-09 -3.488e-09
119 0 4.495e-09 3.488e-09
120 0 2.52e-10 1.311e-09
121 0 1.63e-10 7.965e-09
122 0 1.63e-10 -7.965e-09
123 0 4.291e-09 -6.659e-09
124 0 4.283e-09 6.718e-09
125 0 1.68e-10 -5.328e-09
126 0 1.7e-10 3.787e-09
127 0 3.16e-10 -3.888e-09
128 0 3.15e-10 5.47e-09
129 0 3.15e-10 5.306e-09
130 0 3.15e-10 -4.666e-09
131 0 3.08e-10 -6.321e-09
132 0 3.15e-10 -4.83e-09
133 0 2.59e-10 4.658e-09
134 0 2.64e-10 6.201e-09
135 0 2.62e-10 5.081e-09
136 0 2.6e-10 6.705e-09
137 0 3.1e-10 1.499e-09
138 0 2.97e-10 1.359e-09
139 0 3.86e-10 -3.537e-09
140 0 3.41e-10 -3.498e-09
141 0 3.88e-10 4.547e-09
142 0 3.43e-10 4.58e-09
143 0 3.88e-10 6.083e-09
144 0 3.43e-10 6.116e-09
145 0 3.86e-10 6.598e-09
146 0 3.41e-10 6.631e-09
147 0 3.86e-10 -6.598e-09
148 0 3.42e-10 -6.633e-09
149 0 8.5e-11 3.456e-09
150 0 3.11e-10 -4.07e-09
151 0 3.09e-10 -3.127e-09
152 0 3.18e-10 4.706e-09
153 0 3.14e-10 -3.378e-09
154 0 3.29e-10 6.247e-09
155 0 3.24e-10 5.811e-09
156 0 3.14e-10 5.033e-09
157 0 3.14e-10 6.754e-09
158 0 3.1e-10 -4.322e-09
159 0 3.07e-10 4.274e-09
160 0 3.14e-10 -6.838e-09
161 0 2.15e-10 6.42e-10
162 0 3.58e-10 8.47e-10
163 0 3.16e-10 3.553e-09
164 0 3.26e-10 -1.014e-09
165 0 2.61e-10 -3.931e-09
166 0 3.18e-10 -1.992e-09
167 0 2.38e-10 -5.732e-09
168 0 2.33e-10 7.818e-09
169 0 2.33e-10 -7.818e-09
170 0 7.76e-10 8.341e-09
171 0 7.76e-10 -8.341e-09
172 0 5.26e-10 -8.079e-09
173 0 5.26e-10 8.079e-09
174 0 2.13e-10 -5.274e-09
175 0 1.74e-10 2.618e-09
176 0 1.73e-10 2.262e-09
177 0 1.65e-10 -5.835e-09
178 0 1.31e-10 -6.217e-09
179 0 1.31e-10 -4.943e-09
180 0 1.3e-10 4.168e-09
181 0 4.46e-10 -7.863e-09
182 0 4.46e-10 7.863e-09
183 0 3.43e-10 -3.8e-09
184 0 9.2e-11 7.915e-09
185 0 9.2e-11 -7.915e-09
186 0 2.03e-10 2.6e-11
187 0 3.52e-10 6.34e-09
188 0 3.71e-10 -3.013e-09
189 0 3.67e-10 -3.417e-09
190 0 3.72e-10 4.668e-09
191 0 3.76e-10 6.201e-09
192 0 3.68e-10 6.717e-09
193 0 3.73e-10 -6.717e-09
194 0 1.71e-10 7.794e-09
195 0 1.71e-10 -7.794e-09
196 0 3.27e-10 1.015e-09
197 0 3.07e-10 -3.754e-09
198 0 3.18e-10 -7.105e-09
199 0 2.57e-10 -4.02e-09
200 0 2.6e-10 -3.422e-09
201 0 3.8e-10 -7.32e-10
202 0 3.34e-10 -2.712e-09
203 0 4.84e-10 -7.808e-09
204 0 4.84e-10 7.808e-09
205 0 1.67e-10 3.266e-09
206 0 9.1e-11 -2.355e-09
207 0 3.07e-10 6.382e-09
208 0 3.49e-10 -6.967e-09
209 0 3.26e-10 7.406e-09
210 0 3.27e-10 1.193e-09
211 0 3.27e-10 -7.407e-09
212 0 4.4e-11 -6.147e-09
213 0 4.3e-11 -5.013e-09
214 0 4.3e-11 4.099e-09
215 0 3.62e-10 5.056e-09
216 0 9.2e-11 -5.727e-09
217 0 4.21e-09 -7.392e-09
218 0 4.201e-09 7.45e-09
219 0 3.06e-10 6.965e-09
220 0 6.9e-11 7.122e-09
221 0 6.5e-11 -7.121e-09
222 0 3.59e-10 5.419e-09
223 0 3.59e-10 5.357e-09
224 0 3.59e-10 -4.717e-09
225 0 3.59e-10 -4.779e-09
226 0 3.72e-10 -2.325e-09
227 0 3.39e-10 7.018e-09
228 0 3.51e-10 -5.836e-09
229 0 7.2e-11 -5.963e-09
230 0 3.5e-10 -6.38e-09
231 0 2.64e-10 -7.348e-09
232 0 2.64e-10 1.252e-09
233 0 2.64e-10 7.347e-09
234 0 3.04e-10 -5.887e-09
235 0 7.433e-09 1.2056e-08
236 0 6.92e-09 1.1467e-08
237 0 7.433e-09 -1.2056e-08
238 0 6.92e-09 -1.1467e-08
239 0 1.42e-10 2.017e-09
240 0 1.44e-10 2.787e-09
241 0 1.42e-10 2.868e-09
242 0 1.43e-10 2.1e-09
243 0 1.72e-10 9.66e-10
244 0 3.26e-10 1.79e-09
245 0 1.537e-09 -8.124e-09
246 0 1.541e-09 8.124e-09
247 0 5.38e-09 5.615e-09
248 0 5.38e-09 -5.615e-09
249 0 8.5e-11 3.38e-09
250 0 6.848e-09 -1.0664e-08
251 0 6.848e-09 1.0664e-08
252 0 3.08e-10 -1.622e-09
253 0 3.6e-10 -4.049e-09
254 0 3.33e-10 -5.76e-10
255 0 8.9e-11 -2.852e-09
256 0 8.9e-11 -2.915e-09
257 0 2.24e-10 -7.136e-09
258 0 2.92e-10 -1.136e-09
259 0 2.11e-10 4.69e-09
260 0 2.16e-10 6.234e-09
261 0 2.12e-10 5.056e-09
262 0 2.12e-10 6.738e-09
263 0 3.49e-10 -4.269e-09
264 0 3.5e-10 -4.203e-09
265 0 3.54e-10 -3.173e-09
266 0 3.52e-10 -3.25e-09
267 0 3.48e-10 4.838e-09
268 0 3.41e-10 4.911e-09
269 0 3.59e-10 -6.886e-09
270 0 3.42e-10 6.893e-09
271 0 3.77e-10 -3.925e-09
272 0 8.75e-10 8.385e-09
273 0 8.75e-10 -8.385e-09
274 0 4.3e-11 -5.899e-09
275 0 3.81e-10 6.6e-10
276 0 2.29e-10 1.82e-10
277 0 8.146e-09 -3.489e-09
278 0 8.146e-09 3.489e-09
279 0 3.53e-10 4.334e-09
280 0 3.65e-10 5.874e-09
281 0 3.16e-10 -6.96e-10
282 0 2.19e-10 3.137e-09
283 0 5.66e-10 -8.028e-09
284 0 5.66e-10 8.028e-09
285 0 2.26e-10 3.406e-09
286 0 1.16e-10 6.4e-10
287 0 2.14e-10 -3.898e-09
288 0 4.56e-10 -8.065e-09
289 0 4.56e-10 8.065e-09
290 0 3.03e-10 2.547e-09
291 0 3.36e-10 2.495e-09
292 0 3.36e-10 2.389e-09
293 0 3.03e-10 2.333e-09
294 0 8.2e-11 1.495e-09
295 0 5.2e-09 6.494e-09
296 0 5.2e-09 -6.494e-09
297 0 4.291e-09 8.883e-09
298 0 4.293e-09 -8.887e-09
299 0 2.92e-10 -8.077e-09
300 0 2.92e-10 8.077e-09
301 0 3.09e-10 3.693e-09
302 0 2.09e-10 -6.01e-10
303 0 3.4e-11 3.489e-09
304 0 2.13e-10 2.546e-09
305 0 2.04e-10 -2.685e-09
306 0 1.75e-10 -2.632e-09
307 0 2.48e-10 -6.999e-09
308 0 3.42e-10 -1.684e-09
309 0 3.53e-10 2.146e-09
310 0 3.19e-10 -3.053e-09
311 0 3.04e-10 -4.157e-09
312 0 3.06e-10 4.792e-09
313 0 3.06e-10 -3.296e-09
314 0 3.02e-10 6.834e-09
315 0 2.99e-10 4.956e-09
316 0 3.21e-10 -6.755e-09
317 0 3.21e-10 -5.766e-09
318 0 1.54e-10 -2.741e-09
319 0 3.18e-10 -5.398e-09
320 0 3.43e-10 3.761e-09
321 0 1.93e-10 3.905e-09
322 0 4.2e-11 -5.64e-10
323 0 3.7e-11 -7.802e-09
324 0 3.7e-11 7.802e-09
325 0 3.54e-10 7.66e-10
326 0 3.84e-10 6.01e-09
327 0 3.75e-10 6.521e-09
328 0 3.88e-10 4.469e-09
329 0 1.34e-10 7.122e-09
330 0 1.23e-10 -7.117e-09
331 0 8.5e-11 2.255e-09
332 0 8.6e-11 2.631e-09
333 0 2.91e-10 -6.2e-10
334 0 7.547e-09 -3.133e-09
335 0 7.547e-09 3.133e-09
336 0 8.5e-11 -5.1e-10
337 0 3.62e-10 5.538e-09
338 0 3.44e-10 5.593e-09
339 0 3.6e-10 5.235e-09
340 0 3.42e-10 5.172e-09
341 0 3.62e-10 -4.598e-09
342 0 3.44e-10 -4.543e-09
343 0 3.62e-10 -6.257e-09
344 0 3.44e-10 -6.206e-09
345 0 3.62e-10 -4.898e-09
346 0 3.44e-10 -4.953e-09
347 0 1.95e-10 4.02e-09
348 0 1.96e-10 -6.067e-09
349 0 1.91e-10 -5.092e-09
350 0 3.7e-11 7.185e-09
351 0 3.6e-11 -7.185e-09
352 0 1.83e-10 -6.5e-10
353 0 2.17e-10 3.221e-09
354 0 2.92e-10 -1.066e-09
355 0 2.9e-10 1.066e-09
356 0 1.66e-10 3.35e-09
357 0 1.46e-10 3.51e-09
358 0 3.78e-10 -3.619e-09
359 0 3.82e-10 -6.521e-09
360 0 2.93e-10 3.113e-09
361 0 3.27e-10 3.16e-09
362 0 5.7e-11 7.33e-10
363 0 7.993e-09 -4.221e-09
364 0 7.993e-09 4.221e-09
365 0 2.5e-10 1.27e-10
366 0 2.13e-10 4.075e-09
367 0 2.11e-10 -6.123e-09
368 0 2.09e-10 -5.037e-09
369 0 3.42e-10 4.063e-09
370 0 3.17e-10 -2.791e-09
371 0 2.1e-10 -4.053e-09
372 0 2.12e-10 -3.394e-09
373 0 3.56e-10 4.008e-09
374 0 3.02e-10 7.24e-10
375 0 7.602e-09 5.401e-09
376 0 7.602e-09 -5.401e-09
377 0 3.91e-10 -2.893e-09
378 0 3.49e-10 -2.937e-09
379 0 1.35e-10 -5.976e-09
380 0 8.144e-09 -1.1968e-08
381 0 8.144e-09 1.1968e-08
382 0 5.545e-09 -8.394e-09
383 0 5.545e-09 8.394e-09
384 0 2.11e-10 2.332e-09
385 0 3.9e-10 -1.016e-09
386 0 2.42e-10 -3.143e-09
387 0 2.47e-10 5.821e-09
388 0 2.48e-10 -4.312e-09
389 0 2.47e-10 4.281e-09
390 0 2.43e-10 -6.857e-09
391 0 3.5e-11 -5.626e-09
392 0 2.82e-10 3.228e-09
393 0 1.43e-09 8.357e-09
394 0 1.428e-09 -8.359e-09
395 0 2.96e-10 -5.08e-10
396 0 3.12e-10 9.8e-11
397 0 7.3e-11 1.26e-09
398 0 1.68e-10 -2.127e-09
399 0 1.92e-10 -2.174e-09
400 0 4e-11 3.726e-09
401 0 4.2e-11 -5.387e-09
402 0 3.93e-10 1.02e-09
403 0 2.55e-10 -7.891e-09
404 0 2.55e-10 7.891e-09
405 0 2.375e-09 8.205e-09
406 0 3.08e-10 -2.595e-09
407 0 2.95e-10 7.466e-09
408 0 2.95e-10 1.134e-09
409 0 2.95e-10 -7.466e-09
410 0 2.51e-10 5.46e-09
411 0 2.51e-10 5.315e-09
412 0 2.51e-10 -4.676e-09
413 0 2.43e-10 -6.333e-09
414 0 2.52e-10 -4.821e-09
415 0 4.24e-10 7.992e-09
416 0 4.24e-10 -7.992e-09
417 0 3.2e-11 7.94e-10
418 0 2.72e-10 -7.162e-09
419 0 1.84e-10 -1.828e-09
420 0 2.84e-10 2.2e-11
421 0 3.21e-10 -2.1e-11
422 0 3.15e-10 -7.539e-09
423 0 3.15e-10 7.539e-09
424 0 1.76e-10 -9.63e-10
425 0 1.78e-10 7.18e-09
426 0 1.7e-10 -7.174e-09
427 0 2.96e-10 3.391e-09
428 0 4e-11 -1.675e-09
429 0 3.5e-11 1.309e-09
430 0 2.19e-10 -5.885e-09
431 0 1.96e-10 -5.946e-09
432 0 3.92e-10 -1.297e-08
433 0 3.92e-10 1.297e-08
434 0 1.91e-10 -2.282e-09
435 0 7.9e-11 1.136e-09
436 0 3.01e-10 1.568e-09
437 0 2.98e-10 -1.751e-09
438 0 3.8e-11 -1.421e-09
439 0 3.3e-11 -7.94e-10
440 0 1.85e-10 -7.371e-09
441 0 1.87e-10 1.23e-09
442 0 1.85e-10 7.371e-09
443 0 3.8e-11 1.179e-09
444 0 1.58e-10 -7.711e-09
445 0 1.58e-10 7.711e-09
446 0 3.41e-10 -1.546e-09
447 0 2.87e-10 -2.669e-09
448 0 1.78e-10 2.494e-09
449 0 3.43e-10 -5.331e-09
450 0 3.05e-10 8.81e-10
451 0 3.4e-11 -2.459e-09
452 0 1.9e-10 -2.86e-10
453 0 3.59e-10 -2.565e-09
454 0 7.7e-11 7.465e-09
455 0 7.7e-11 -7.465e-09
456 0 1.78e-10 -8.5e-11
457 0 7.7e-11 3.018e-09
458 0 3.5e-10 3.623e-09
459 0 1.11e-10 7.21e-10
460 0 7.6e-11 1.875e-09
461 0 2.15e-10 6.533e-09
462 0 2.16e-10 -3.6e-09
463 0 2.19e-10 4.48e-09
464 0 2.19e-10 6.016e-09
465 0 2.17e-10 -6.532e-09
466 0 2.43e-10 -1.623e-09
467 0 3.44e-10 -2.061e-09
468 0 4.04e-10 3.623e-09
469 0 3.5e-11 7.422e-09
470 0 3.5e-11 -7.422e-09
471 0 3.11e-10 2.211e-09
472 0 3.35e-10 -4.64e-10
473 0 3.55e-10 7.973e-09
474 0 3.55e-10 -7.973e-09
475 0 2.95e-10 8.01e-09
476 0 2.95e-10 -8.01e-09
477 0 1.48e-10 -2.232e-09
478 0 1.35e-10 8.029e-09
479 0 1.35e-10 -8.029e-09
480 0 3.4e-11 3.328e-09
481 0 3.48e-10 -8.115e-09
482 0 3.48e-10 8.115e-09
483 0 3.69e-10 -5.717e-09
484 0 7.1e-11 -1.487e-09
485 0 4.17e-10 8.111e-09
486 0 4.17e-10 -8.111e-09
487 0 8.4e-11 3.793e-09
488 0 8.4e-11 -5.321e-09
489 0 2.45e-10 -3.17e-10
490 0 5.45e-10 7.953e-09
491 0 4.73e-10 7.931e-09
492 0 5.45e-10 -7.953e-09
493 0 4.73e-10 -7.931e-09
494 0 4.1e-11 6e-11
495 0 5.9e-11 -7.36e-10
496 0 3.18e-10 -3.669e-09
497 0 3.25e-10 -6.463e-09
498 0 3.34e-10 4.41e-09
499 0 3.29e-10 5.951e-09
500 0 3.14e-10 6.47e-09
501 0 2.49e-10 3.691e-09
502 0 1.39e-10 -3.84e-10
503 0 1.551e-09 1.1711e-08
504 0 1.551e-09 -1.1711e-08
505 0 3.35e-10 -1.807e-09
506 0 3.7e-11 5.5e-10
507 0 3.5e-11 -1.025e-09
508 0 1.17e-10 4.67e-10
509 0 7.7e-11 -1.065e-09
510 0 4e-11 2.322e-09
511 0 4.1e-11 2.565e-09
512 0 2.63e-10 -7.41e-10
513 0 6.67e-10 8.013e-09
514 0 6.67e-10 -8.013e-09
515 0 6.29e-10 8.053e-09
516 0 6.29e-10 -8.053e-09
517 0 1.89e-10 -5.21e-09
518 0 1.95e-10 7.652e-09
519 0 1.95e-10 -7.652e-09
520 0 8.267e-09 -8.797e-09
521 0 8.267e-09 8.797e-09
522 0 2.8e-11 4.364e-09
523 0 2.8e-11 -6.412e-09
524 0 2.8e-11 -4.748e-09
525 0 2.8e-11 -4.236e-09
526 0 2.8e-11 -6.924e-09
527 0 2.8e-11 5.9e-09
528 0 2.8e-11 5.388e-09
529 0 2.8e-11 6.412e-09
530 0 2.8e-11 -3.212e-09
531 0 2.8e-11 4.876e-09
532 0 2.8e-11 6.924e-09
533 0 2.8e-11 -3.724e-09
534 0 2.93e-10 1.873e-09
535 0 2.56e-10 -7.645e-09
536 0 2.56e-10 7.645e-09
537 0 3.1e-10 -2.209e-09
538 0 2.97e-10 -2.101e-09
539 0 2.23e-09 1.1404e-08
540 0 2.231e-09 -1.1404e-08
541 0 1.44e-10 1.672e-09
542 0 1.61e-10 1.506e-09
543 0 1.8e-10 1.566e-09
544 0 8e-11 1.709e-09
545 0 2.9e-10 5.33e-10
546 0 1.35e-10 -1.496e-09
547 0 8e-11 1.767e-09
548 0 2.934e-09 9.997e-09
549 0 2.936e-09 -1.0001e-08
550 0 2.47e-10 -3.651e-09
551 0 2.56e-10 4.421e-09
552 0 2.56e-10 5.957e-09
553 0 2.46e-10 6.483e-09
554 0 2.51e-10 -6.475e-09
555 0 1.66e-10 -5.3e-10
556 0 2.4e-10 -5.524e-09
557 0 2.98e-10 -5.547e-09
558 0 5.646e-09 1.2344e-08
559 0 5.646e-09 -1.2344e-08
560 0 3.8e-11 -2.695e-09
561 0 3.48e-10 2.271e-09
562 0 1.39e-10 -1.614e-09
563 0 4.4e-11 3.855e-09
564 0 4.3e-11 -5.258e-09
565 0 3.5e-10 5.1e-10
566 0 2.75e-10 -2.162e-09
567 0 1.85e-10 -1.392e-09
568 0 1.85e-10 -1.455e-09
569 0 1.08e-10 3.232e-09
570 0 2.53e-10 7.52e-10
571 0 3.5e-10 3.443e-09
572 0 3.56e-10 3.501e-09
573 0 7.2e-11 -1.613e-09
574 0 6.053e-09 1.2982e-08
575 0 6.053e-09 -1.2982e-08
576 0 1.77e-10 2.389e-09
577 0 8.43e-10 -8.149e-09
578 0 8.43e-10 8.149e-09
579 0 2.953e-09 8.027e-09
580 0 2.952e-09 -8.032e-09
581 0 1.96e-10 1.69e-09
582 0 2.12e-10 1.753e-09
583 0 3.605e-09 1.0533e-08
584 0 3.607e-09 -1.0538e-08
585 0 2.9e-11 -1.919e-09
586 0 3.78e-10 -7.568e-09
587 0 3.78e-10 7.568e-09
588 0 2.42e-10 1.591e-09
589 0 7.65e-09 8.167e-09
590 0 7.756e-09 7.174e-09
591 0 7.756e-09 -7.174e-09
592 0 7.65e-09 -8.167e-09
593 0 2.09e-10 8.62e-10
594 0 4.01e-10 -9.39e-10
595 0 1.56e-10 8.28e-10
596 0 3.96e-10 -7.631e-09
597 0 3.96e-10 7.631e-09
598 0 7.7e-11 -2.75e-10
599 0 3.75e-10 -5.444e-09
600 0 3.4e-11 1.025e-09
601 0 1.61e-10 7.576e-09
602 0 1.61e-10 -7.576e-09
603 0 7.6e-11 1.066e-09
604 0 3.7e-11 -2.184e-09
605 0 3.63e-10 2.759e-09
606 0 2.148e-09 8.821e-09
607 0 2.096e-09 -8.807e-09
608 0 6.1e-11 -2.122e-09
609 0 6.7e-11 -1.955e-09
610 0 6.2e-11 -2.633e-09
611 0 3.38e-10 -8.41e-10
612 0 2.98e-10 2.997e-09
613 0 1.62e-10 -8.25e-10
614 0 2.24e-10 -8.53e-10
615 0 3.7e-11 1.55e-09
616 0 3.6e-10 2.894e-09
617 0 3.3e-11 3.607e-09
618 0 1.122e-09 8.231e-09
619 0 1.122e-09 -8.231e-09
620 0 7.7e-11 -4e-12
621 0 3.1e-11 -8.074e-09
622 0 3.1e-11 8.074e-09
623 0 1.14e-10 -2.617e-09
624 0 1.31e-09 8.176e-09
625 0 1.31e-09 -8.176e-09
626 0 8e-11 -5.841e-09
627 0 1.12e-10 -2.109e-09
628 0 3.615e-09 -8.595e-09
629 0 3.614e-09 8.587e-09
630 0 3.2e-11 -3.16e-10
631 0 2.87e-10 1.742e-09
632 0 1.806e-09 8.855e-09
633 0 1.785e-09 -8.871e-09
634 0 2.85e-10 7.766e-09
635 0 2.85e-10 -7.766e-09
636 0 3.8e-11 -1.799e-09
637 0 6.9e-11 -5.447e-09
638 0 3.06e-10 -1.269e-09
639 0 1.14e-10 -7.24e-10
640 0 3.45e-10 1.631e-09
641 0 1.63e-10 -1.561e-09
642 0 2.92e-10 -5.161e-09
643 0 7.3e-11 3.673e-09
644 0 3.58e-10 -5.51e-09
645 0 3.02e-10 2.657e-09
646 0 1.67e-10 -1.954e-09
647 0 2.92e-10 -1.485e-09
648 0 2.38e-10 -1.5e-09
649 0 2.22e-10 -1.94e-09
650 0 2.48e-10 -1.291e-09
651 0 6e-11 6.989e-09
652 0 5.8e-11 -6.988e-09
653 0 1.455e-09 9.242e-09
654 0 1.455e-09 -9.242e-09
655 0 5.5e-11 5.836e-09
656 0 5.5e-11 5.324e-09
657 0 5.3e-11 5.964e-09
658 0 5.3e-11 6.476e-09
659 0 5.3e-11 -4.172e-09
660 0 5.3e-11 -3.276e-09
661 0 5.8e-11 -3.151e-09
662 0 5.5e-11 5.452e-09
663 0 5.3e-11 6.348e-09
664 0 5.5e-11 -4.3e-09
665 0 5.3e-11 4.428e-09
666 0 5.7e-11 4.3e-09
667 0 5.3e-11 -3.788e-09
668 0 5.3e-11 4.812e-09
669 0 5.3e-11 -3.66e-09
670 0 5.3e-11 4.94e-09
671 0 5.7e-11 -6.348e-09
672 0 5.3e-11 6.86e-09
673 0 5.5e-11 -4.684e-09
674 0 5.3e-11 -6.476e-09
675 0 5.7e-11 -4.812e-09
676 0 5.5e-11 -6.86e-09
677 0 2.903e-09 8.137e-09
678 0 2.888e-09 -8.144e-09
679 0 2.57e-10 2.022e-09
680 0 3.26e-10 2.795e-09
681 0 2.62e-10 2.795e-09
682 0 2.61e-10 2.86e-09
683 0 3.26e-10 2.86e-09
684 0 3.24e-10 2.095e-09
685 0 2.61e-10 2.089e-09
686 0 2.12e-10 -4.81e-10
687 0 1.95e-10 -4.19e-10
688 0 7.1e-11 1.2e-10
689 0 1.72e-10 -5.623e-09
690 0 7.8e-11 -1.734e-09
691 0 6.969e-09 -6.626e-09
692 0 6.092e-09 -7.073e-09
693 0 6.092e-09 7.073e-09
694 0 6.969e-09 6.626e-09
695 0 1.88e-10 -1.251e-09
696 0 3.4e-11 -3.98e-09
697 0 3.4e-11 4.62e-09
698 0 3.3e-11 -3.468e-09
699 0 3.4e-11 6.668e-09
700 0 3.3e-11 5.132e-09
701 0 3.3e-11 5.644e-09
702 0 3.4e-11 6.156e-09
703 0 3.3e-11 -4.492e-09
704 0 3.3e-11 -6.668e-09
705 0 7.5e-11 -2.16e-10
706 0 6.7e-11 3.564e-09
707 0 3.85e-10 -2.826e-09
708 0 4.01e-10 7.27e-10
709 0 1.7e-10 -2.336e-09
710 0 1.99e-10 7.531e-09
711 0 1.99e-10 -7.531e-09
712 0 2.94e-10 -9.633e-09
713 0 2.94e-10 9.633e-09
714 0 3.4e-11 -2.964e-09
715 0 1.76e-10 -5.566e-09
716 0 3.2e-11 -7.956e-09
717 0 3.2e-11 7.956e-09
718 0 6.1e-11 4.89e-10
719 0 6.1e-11 6.11e-10
720 0 1.12e-10 7.571e-09
721 0 1.12e-10 -7.571e-09
722 0 1.04e-10 -7.699e-09
723 0 1.04e-10 7.699e-09
724 0 1.28e-10 -5.467e-09
725 0 2.78e-10 3.66e-10
726 0 2.26e-10 3.96e-10
727 0 2.55e-10 -2.551e-09
728 0 3.49e-10 -8.97e-10
729 0 3.48e-10 7.79e-09
730 0 3.48e-10 -7.79e-09
731 0 7.3e-11 3.919e-09
732 0 7.2e-11 -5.194e-09
733 0 1.31e-10 -5.18e-09
734 0 1.33e-10 3.933e-09
735 0 2.12e-10 -7.15e-10
736 0 3.3e-11 3.085e-09
737 0 3.1e-11 1.667e-09
738 0 2.7e-10 -2.27e-09
739 0 3.6e-11 -6.4e-11
740 0 1.453e-09 1.2426e-08
741 0 1.453e-09 -1.2426e-08
742 0 2.18e-10 -8.992e-09
743 0 2.18e-10 8.992e-09
744 0 1.509e-09 -9.976e-09
745 0 1.509e-09 9.976e-09
746 0 1.613e-09 -8.125e-09
747 0 1.617e-09 8.126e-09
748 0 3.02e-10 -1.414e-09
749 0 3.5e-11 3.08e-10
750 0 7.2e-11 -6.083e-09
751 0 7.2e-11 -5.077e-09
752 0 7.2e-11 4.035e-09
753 0 3.1e-11 1.811e-09
754 0 1.33e-10 4.007e-09
755 0 1.35e-10 -6.053e-09
756 0 1.32e-10 -5.106e-09
757 0 3.39e-10 3.89e-09
758 0 3.04e-10 3.832e-09
759 0 3.5e-11 -2.816e-09
760 0 1.71e-10 -5.441e-09
761 0 1.96e-10 -5.386e-09
762 0 1.93e-10 3.726e-09
763 0 1.32e-10 -1.353e-09
764 0 3.7e-11 -5.778e-09
765 0 5.6e-11 3.149e-09
766 0 1.91e-10 -1.662e-09
767 0 3e-11 -1.75e-10
768 0 1.32e-10 1.611e-09
769 0 3.6e-11 -2.309e-09
770 0 4.52e-10 -7.749e-09
771 0 4.52e-10 7.749e-09
772 0 1.35e-10 1.276e-09
773 0 3.61e-10 -7.679e-09
774 0 3.61e-10 7.679e-09
775 0 2.9e-11 -1.299e-09
776 0 2.679e-09 -1.3327e-08
777 0 2.679e-09 1.3327e-08
778 0 2.64e-10 -7.57e-09
779 0 2.64e-10 7.57e-09
780 0 1.15e-10 5.324e-09
781 0 1.13e-10 6.475e-09
782 0 1.15e-10 5.836e-09
783 0 1.14e-10 5.961e-09
784 0 1.18e-10 -3.152e-09
785 0 1.15e-10 5.452e-09
786 0 1.14e-10 4.425e-09
787 0 1.13e-10 -3.66e-09
788 0 1.12e-10 -3.786e-09
789 0 1.15e-10 -4.3e-09
790 0 1.14e-10 -6.861e-09
791 0 1.17e-10 4.297e-09
792 0 1.17e-10 -6.346e-09
793 0 1.14e-10 -6.474e-09
794 0 1.15e-10 -4.684e-09
795 0 1.18e-10 -4.813e-09
796 0 3.74e-10 1.23e-10
797 0 2.34e-10 -5.156e-09
798 0 5.9e-11 -8.132e-09
799 0 5.9e-11 8.132e-09
800 0 1.12e-10 -3.274e-09
801 0 1.12e-10 6.349e-09
802 0 1.12e-10 -4.174e-09
803 0 1.12e-10 4.939e-09
804 0 1.12e-10 4.812e-09
805 0 1.13e-10 6.86e-09
806 0 1.15e-10 -8.134e-09
807 0 1.15e-10 8.134e-09
808 0 3.28e-10 7.903e-09
809 0 3.28e-10 -7.903e-09
810 0 1.07e-10 3.16e-09
811 0 1.21e-10 6.988e-09
812 0 1.18e-10 -6.989e-09
813 0 2.93e-10 -7.691e-09
814 0 2.93e-10 7.691e-09
815 0 1.88e-10 -2.13e-10
816 0 1.15e-10 -3.905e-09
817 0 1.15e-10 4.695e-09
818 0 1.16e-10 -4.056e-09
819 0 1.15e-10 -3.543e-09
820 0 1.16e-10 4.544e-09
821 0 1.14e-10 5.056e-09
822 0 1.15e-10 6.743e-09
823 0 5.9e-11 -3.916e-09
824 0 1.16e-10 5.572e-09
825 0 5.9e-11 4.684e-09
826 0 1.16e-10 6.08e-09
827 0 1.15e-10 6.231e-09
828 0 1.15e-10 -3.392e-09
829 0 5.8e-11 -3.532e-09
830 0 1.15e-10 5.717e-09
831 0 5.8e-11 5.068e-09
832 0 5.9e-11 6.732e-09
833 0 1.16e-10 6.592e-09
834 0 1.16e-10 5.204e-09
835 0 5.9e-11 5.58e-09
836 0 5.9e-11 -4.044e-09
837 0 5.9e-11 4.556e-09
838 0 5.9e-11 6.22e-09
839 0 5.9e-11 6.092e-09
840 0 5.8e-11 -3.404e-09
841 0 5.9e-11 5.708e-09
842 0 5.9e-11 6.604e-09
843 0 5.9e-11 5.196e-09
844 0 5.9e-11 -4.428e-09
845 0 5.9e-11 -4.556e-09
846 0 5.8e-11 -6.604e-09
847 0 5.9e-11 -6.732e-09
848 0 1.16e-10 -4.564e-09
849 0 1.16e-10 -6.74e-09
850 0 1.15e-10 -4.419e-09
851 0 1.15e-10 -6.592e-09
852 0 3.44e-10 -8.178e-09
853 0 3.44e-10 8.178e-09
854 0 3.59e-10 -1.398e-09
855 0 1.64e-10 3.52e-10
856 0 2.09e-10 -7.059e-09
857 0 3.93e-10 -8.06e-10
858 0 2.34e-10 -5.658e-09
859 0 7.1e-11 -1.255e-09
860 0 2.421e-09 8.892e-09
861 0 2.405e-09 -8.889e-09
862 0 1.8e-10 -6.179e-09
863 0 1.8e-10 4.131e-09
864 0 1.8e-10 -4.981e-09
865 0 1.99e-10 1.448e-09
866 0 2.61e-10 1.439e-09
867 0 8.469e-09 1.291e-08
868 0 8.469e-09 -1.291e-08
869 0 3.82e-10 4.116e-09
870 0 1.15e-10 3.88e-10
871 0 1.37e-10 -1.83e-10
872 0 3.01e-10 -6.001e-09
873 0 2.43e-10 -6.003e-09
874 0 2.4e-10 3.958e-09
875 0 3e-10 3.954e-09
876 0 3.05e-10 -2.314e-09
877 0 2.97e-10 -5.624e-09
878 0 6.4e-11 2.501e-09
879 0 6.3e-11 2.386e-09
880 0 1.17e-10 2.479e-09
881 0 1.16e-10 2.407e-09
882 0 3.68e-10 7.854e-09
883 0 3.68e-10 -7.854e-09
884 0 2.47e-10 -2.055e-09
885 0 1.41e-10 -3.15e-10
886 0 3.31e-10 -4.44e-09
887 0 3.32e-10 5.698e-09
888 0 2.9e-11 -5.132e-09
889 0 2.9e-11 3.98e-09
890 0 2.9e-11 -6.028e-09
891 0 3.39e-10 -5.946e-09
892 0 3.47e-10 -4.386e-09
893 0 3.63e-10 5.751e-09
894 0 1.26e-10 7.275e-09
895 0 1.25e-10 -7.275e-09
896 0 1.35e-10 -1.287e-09
897 0 6.8e-11 -1.365e-09
898 0 3.49e-10 -5.648e-09
899 0 6.5e-11 2.47e-10
900 0 3.43e-10 4.22e-09
901 0 3.3e-10 4.166e-09
902 0 3.18e-10 1.991e-09
903 0 3.57e-10 2.034e-09
904 0 2.7e-11 -5.512e-09
905 0 5.7e-11 3.264e-09
906 0 6.057e-09 -1.1735e-08
907 0 6.057e-09 1.1735e-08
908 0 2.07e-10 7.18e-10
909 0 2.41e-10 -1.12e-10
910 0 3.28e-10 -5.217e-09
911 0 2.7e-11 7.307e-09
912 0 2.7e-11 -7.307e-09
913 0 2.21e-10 5.58e-09
914 0 2.21e-10 -4.556e-09
915 0 2.02e-10 -3.09e-09
916 0 2.09e-10 5.772e-09
917 0 2.08e-10 -4.365e-09
918 0 2.11e-10 4.23e-09
919 0 2.02e-10 -6.801e-09
920 0 3.1e-11 2.06e-09
921 0 3.1e-11 2.828e-09
922 0 2.09e-10 5.516e-09
923 0 2.09e-10 5.26e-09
924 0 2.09e-10 -4.62e-09
925 0 2.11e-10 -6.28e-09
926 0 2.13e-10 -4.879e-09
927 0 1.75e-10 7.249e-09
928 0 1.74e-10 -7.247e-09
929 0 6.234e-09 2.712e-09
930 0 6.234e-09 -2.712e-09
931 0 4.575e-09 -1.3585e-08
932 0 4.575e-09 1.3585e-08
933 0 5.507e-09 1.3575e-08
934 0 5.507e-09 -1.3575e-08
935 0 3.36e-10 2.599e-09
936 0 6.4e-11 7.249e-09
937 0 6.2e-11 -7.248e-09
938 0 5.9e-11 3.69e-10
939 0 3.01e-10 -1.1879e-08
940 0 3.01e-10 1.1879e-08
941 0 2.96e-10 -2.77e-10
942 0 3.3e-11 -1.55e-09
943 0 1.69e-10 2.86e-10
944 0 2.7e-10 5.611e-09
945 0 2.7e-10 -4.525e-09
946 0 3e-11 1.83e-10
947 0 8.484e-09 -6.777e-09
948 0 8.484e-09 6.777e-09
949 0 2.11e-10 -2.436e-09
950 0 1.57e-10 -2.46e-09
951 0 1.25e-10 2.4e-10
952 0 2.6e-11 -9.13e-10
953 0 2.06e-10 -2.572e-09
954 0 2.77e-10 4.085e-09
955 0 2.72e-10 -5.029e-09
956 0 2.74e-10 -6.132e-09
957 0 6.119e-09 7.893e-09
958 0 6.119e-09 -7.893e-09
959 0 4.195e-09 -1.2974e-08
960 0 4.195e-09 1.2974e-08
961 0 3.83e-10 -6.151e-09
962 0 3.82e-10 -5.011e-09
963 0 6.7e-11 -1.85e-09
964 0 2.12e-10 6.917e-09
965 0 1.49e-10 6.923e-09
966 0 1.83e-10 8.3e-11
967 0 1.31e-10 1.23e-10
968 0 2.194e-09 1.0429e-08
969 0 2.195e-09 -1.043e-08
970 0 2.17e-10 -6.926e-09
971 0 1.48e-10 -6.926e-09
972 0 6.977e-09 1.2961e-08
973 0 6.977e-09 -1.2961e-08
974 0 7.3e-11 -2.241e-09
975 0 3.2e-11 7.053e-09
976 0 2.9e-11 -7.052e-09
977 0 7.3e-11 -2.747e-09
978 0 2.4e-11 -7.567e-09
979 0 2.4e-11 7.567e-09
980 0 6.4e-11 -8.021e-09
981 0 6.4e-11 8.021e-09
982 0 2.2e-10 5.193e-09
983 0 2.71e-10 5.155e-09
984 0 3.26e-09 1.279e-08
985 0 3.26e-09 -1.279e-08
986 0 2.8e-11 -6.284e-09
987 0 2.5e-11 -4.108e-09
988 0 2.5e-11 4.492e-09
989 0 2.5e-11 -6.54e-09
990 0 2.6e-11 -4.62e-09
991 0 2.5e-11 -3.34e-09
992 0 2.5e-11 6.54e-09
993 0 2.6e-11 5.26e-09
994 0 2.5e-11 -3.852e-09
995 0 2.5e-11 -3.596e-09
996 0 2.5e-11 4.748e-09
997 0 3e-11 -3.087e-09
998 0 2.5e-11 6.796e-09
999 0 2.5e-11 5.004e-09
1000 0 2.8e-11 -4.876e-09
1001 0 2.5e-11 6.284e-09
1002 0 2.6e-11 5.516e-09
1003 0 2.6e-11 5.772e-09
1004 0 2.5e-11 6.028e-09
1005 0 2.6e-11 -6.796e-09
1006 0 2.6e-11 -4.364e-09
1007 0 2.8e-11 4.236e-09
1008 0 6.74e-10 8.183e-09
1009 0 6.74e-10 -8.183e-09
1010 0 7.79e-09 2.448e-09
1011 0 7.79e-09 -2.448e-09
1012 0 1.55e-10 1.39e-09
1013 0 1.72e-10 1.333e-09
1014 0 2.09e-10 4.875e-09
1015 0 1.59e-10 -3.948e-09
1016 0 1.6e-10 4.652e-09
1017 0 1.61e-10 5.615e-09
1018 0 1.61e-10 -3.499e-09
1019 0 1.59e-10 6.188e-09
1020 0 1.61e-10 5.096e-09
1021 0 1.62e-10 6.701e-09
1022 0 1.61e-10 -4.521e-09
1023 0 1.59e-10 -6.636e-09
1024 0 1.45e-10 4.875e-09
1025 0 2.8e-11 -8.194e-09
1026 0 2.8e-11 8.194e-09
1027 0 6.93e-10 -1.2411e-08
1028 0 6.93e-10 1.2411e-08
1029 0 2.14e-10 -3.209e-09
1030 0 2.06e-10 6.415e-09
1031 0 2.15e-10 -4.241e-09
1032 0 1.46e-10 -3.211e-09
1033 0 1.47e-10 6.412e-09
1034 0 1.47e-10 -4.238e-09
1035 0 3.026e-09 1.1882e-08
1036 0 3.66e-09 1.1444e-08
1037 0 3.026e-09 -1.1883e-08
1038 0 3.661e-09 -1.1445e-08
1039 0 2.29e-10 -5.467e-09
1040 0 2.53e-10 -5.412e-09
1041 0 6.6e-11 7.525e-09
1042 0 6.6e-11 -7.525e-09
1043 0 1.857e-09 -1.3096e-08
1044 0 1.857e-09 1.3096e-08
1045 0 2.5e-11 9.13e-10
1046 0 2.07e-10 -3.72e-09
1047 0 1.47e-10 -3.722e-09
1048 0 1.49e-10 5.897e-09
1049 0 2.15e-10 5.89e-09
1050 0 1.49e-10 5.388e-09
1051 0 2.18e-10 5.388e-09
1052 0 2.16e-10 4.352e-09
1053 0 1.5e-10 4.359e-09
1054 0 1.5e-10 -4.749e-09
1055 0 2.19e-10 -4.749e-09
1056 0 1.48e-10 -6.409e-09
1057 0 2.11e-10 -6.404e-09
1058 0 7.35e-09 1.3539e-08
1059 0 7.35e-09 -1.3539e-08
1060 0 2.5e-11 -6.75e-10
1061 0 5.616e-09 2.443e-09
1062 0 5.616e-09 -2.443e-09
1063 0 3.25e-10 -5.057e-09
1064 0 3.36e-10 -5.112e-09
1065 0 3.28e-10 -6.106e-09
1066 0 3.42e-10 -6.053e-09
1067 0 2.3e-11 2.444e-09
1068 0 2e-10 -2.07e-09
1069 0 6.992e-09 5.845e-09
1070 0 6.992e-09 -5.845e-09
1071 0 5.9e-11 -8.51e-10
1072 0 3.86e-10 -3.985e-09
1073 0 3.84e-10 5.646e-09
1074 0 3.84e-10 -4.49e-09
1075 0 1.62e-10 3.624e-09
1076 0 1.41e-10 3.679e-09
1077 0 2.5e-11 4.28e-10
1078 0 2.2e-11 3.212e-09
1079 0 2.4e-11 6.72e-10
1080 0 1.6e-10 -4.014e-09
1081 0 1.6e-10 6.122e-09
1082 0 1.61e-10 4.586e-09
1083 0 1.61e-10 5.674e-09
1084 0 1.61e-10 -3.433e-09
1085 0 1.62e-10 6.634e-09
1086 0 1.61e-10 5.158e-09
1087 0 1.61e-10 -4.462e-09
1088 0 1.58e-10 -6.698e-09
1089 0 2.4e-11 -2.574e-09
1090 0 2.4e-11 -2.062e-09
1091 0 6.8e-11 1.605e-09
1092 0 1.39e-10 -8.2e-09
1093 0 1.39e-10 8.2e-09
1094 0 2.98e-10 -8.5e-11
1095 0 2.1e-11 7.691e-09
1096 0 2.1e-11 -7.691e-09
1097 0 2.59e-10 -6.709e-09
1098 0 2.11e-10 -6.736e-09
1099 0 2.69e-10 -4.458e-09
1100 0 2.2e-10 -4.429e-09
1101 0 2.71e-10 5.68e-09
1102 0 2.21e-10 5.709e-09
1103 0 3.83e-10 5.121e-09
1104 0 3.447e-09 2.439e-09
1105 0 3.447e-09 -2.439e-09
1106 0 1.2e-10 -3.039e-09
1107 0 6.4e-11 -3.031e-09
1108 0 4.684e-09 9.679e-09
1109 0 4.348e-09 1.0354e-08
1110 0 4.35e-09 -1.0359e-08
1111 0 4.686e-09 -9.683e-09
1112 0 5.7e-11 8.52e-10
1113 0 1.17e-10 -8.65e-10
1114 0 3.8e-10 -2.385e-09
1115 0 1.59e-10 -7.59e-10
1116 0 2.51e-10 -3.83e-10
1117 0 3.07e-10 -4e-10
1118 0 2.22e-10 -1.562e-09
1119 0 2.874e-09 9.227e-09
1120 0 2.888e-09 -9.259e-09
1121 0 5.8e-11 7.738e-09
1122 0 5.8e-11 -7.738e-09
1123 0 1.64e-10 -2.999e-09
1124 0 1.62e-10 -2.941e-09
1125 0 3.28e-10 3.058e-09
1126 0 6.296e-09 -5.414e-09
1127 0 6.296e-09 5.414e-09
1128 0 2.48e-10 -1.365e-09
1129 0 1.43e-10 5.269e-09
1130 0 1.41e-10 6.527e-09
1131 0 1.42e-10 6.013e-09
1132 0 1.42e-10 5.78e-09
1133 0 1.42e-10 4.477e-09
1134 0 1.43e-10 5.507e-09
1135 0 1.45e-10 -3.096e-09
1136 0 1.42e-10 -3.607e-09
1137 0 1.42e-10 -6.806e-09
1138 0 1.4e-10 -3.839e-09
1139 0 1.47e-10 -6.288e-09
1140 0 1.42e-10 -6.527e-09
1141 0 1.42e-10 -4.356e-09
1142 0 1.48e-10 4.239e-09
1143 0 1.48e-10 -4.871e-09
1144 0 1.43e-10 -4.629e-09
1145 0 2.73e-10 -8.13e-10
1146 0 1.13e-10 8.67e-10
1147 0 2.94e-10 -5.277e-09
1148 0 2.88e-10 9.47e-10
1149 0 1.13e-10 -2.042e-09
1150 0 6.2e-11 -2.013e-09
1151 0 7.299e-09 -2.147e-09
1152 0 7.299e-09 2.147e-09
1153 0 6.2e-11 -5.558e-09
1154 0 1.4e-10 -3.326e-09
1155 0 1.4e-10 6.297e-09
1156 0 1.39e-10 4.992e-09
1157 0 1.4e-10 -4.122e-09
1158 0 1.41e-10 6.807e-09
1159 0 1.4e-10 4.76e-09
1160 0 5.596e-09 -9.806e-09
1161 0 5.97e-09 -1.0494e-08
1162 0 5.595e-09 9.805e-09
1163 0 5.97e-09 1.0494e-08
1164 0 6.2e-11 7.357e-09
1165 0 6.2e-11 -7.357e-09
1166 0 1.28e-10 -1.24e-10
1167 0 2.41e-10 -1.81e-10
1168 0 3.41e-10 1.923e-09
1169 0 1.48e-10 -7.049e-09
1170 0 1.59e-10 7.051e-09
1171 0 1.59e-10 -8.084e-09
1172 0 1.59e-10 8.084e-09
1173 0 7.16e-10 -1.3524e-08
1174 0 7.16e-10 1.3524e-08
1175 0 4.719e-09 -1.2326e-08
1176 0 4.719e-09 1.2326e-08
1177 0 4.419e-09 -1.1704e-08
1178 0 4.419e-09 1.1704e-08
1179 0 6.7e-11 -6.27e-10
1180 0 1.54e-10 7.6e-10
1181 0 7.25e-10 -8.027e-09
1182 0 7.25e-10 8.027e-09
1183 0 3.54e-10 -3.61e-10
1184 0 3.49e-10 -3.03e-10
1185 0 6.6e-11 -1.16e-10
1186 0 3.32e-10 3.92e-10
1187 0 3.6e-10 4.46e-10
1188 0 3.62e-10 -1.326e-09
1189 0 1.26e-10 -1.916e-09
1190 0 1.59e-10 -2.022e-09
1191 0 2.52e-10 8.29e-10
1192 0 4.07e-10 8.338e-09
1193 0 4.07e-10 -8.338e-09
1194 0 2.66e-10 -3.009e-09
1195 0 2.16e-10 -3.03e-09
1196 0 6.21e-10 8.145e-09
1197 0 6.21e-10 -8.145e-09
1198 0 2.79e-10 6.07e-10
1199 0 3.21e-10 6.55e-10
1200 0 6.1e-11 -9.59e-10
1201 0 1.25e-10 7.341e-09
1202 0 1.24e-10 -7.341e-09
1203 0 3.93e-10 -7.74e-09
1204 0 3.93e-10 7.74e-09
1205 0 2.96e-10 -9.4e-10
1206 0 2.36e-10 -9.24e-10
1207 0 9.85e-10 -1.0274e-08
1208 0 9.85e-10 1.0274e-08
1209 0 2.48e-09 8.222e-09
1210 0 6.889e-09 -8.439e-09
1211 0 6.889e-09 8.439e-09
1212 0 3.812e-09 -5.13e-09
1213 0 3.812e-09 5.13e-09
1214 0 3.217e-09 -8.828e-09
1215 0 3.203e-09 8.792e-09
1216 0 3.48e-10 2.698e-09
1217 0 1.51e-10 1.79e-10
1218 0 1.1e-10 -2.551e-09
1219 0 5.8e-11 -2.525e-09
1220 0 2.77e-10 -4.965e-09
1221 0 2.3e-10 -4.938e-09
1222 0 2.29e-10 -6.222e-09
1223 0 2.77e-10 -6.195e-09
1224 0 2.25e-10 3.623e-09
1225 0 2.22e-10 8.107e-09
1226 0 2.06e-10 8.188e-09
1227 0 2.22e-10 -8.107e-09
1228 0 2.06e-10 -8.188e-09
1229 0 2.63e-09 8.163e-09
1230 0 3.02e-10 -1.87e-09
1231 0 2.39e-10 -1.876e-09
1232 0 3.61e-10 -2.499e-09
1233 0 6.17e-09 4.018e-09
1234 0 6.584e-09 3.347e-09
1235 0 6.584e-09 -3.347e-09
1236 0 6.17e-09 -4.018e-09
1237 0 2.6e-10 -1.993e-09
1238 0 4.6e-11 -7.631e-09
1239 0 4.6e-11 7.631e-09
1240 0 9.2e-11 -7.634e-09
1241 0 9.2e-11 7.634e-09
1242 0 1.22e-10 -6.57e-10
1243 0 1.28e-10 3.575e-09
1244 0 2.29e-10 4.173e-09
1245 0 2.77e-10 4.147e-09
1246 0 1.55e-10 -2.526e-09
1247 0 2.58e-10 -2.481e-09
1248 0 1.26e-10 -1.854e-09
1249 0 3.48e-10 2.953e-09
1250 0 2.88e-10 2.44e-09
1251 0 4.901e-09 -2.706e-09
1252 0 4.901e-09 2.706e-09
1253 0 2.95e-10 -2.13e-10
1254 0 2.23e-10 9.32e-10
1255 0 3.06e-10 1.679e-09
1256 0 3.801e-09 2.171e-09
1257 0 3.799e-09 -2.169e-09
1258 0 5.9e-11 9.61e-10
1259 0 3.552e-09 -7.378e-09
1260 0 3.544e-09 7.437e-09
1261 0 6.726e-09 -9.222e-09
1262 0 6.726e-09 9.222e-09
1263 0 5.954e-09 -9.209e-09
1264 0 5.954e-09 9.209e-09
1265 0 2.46e-10 1.654e-09
1266 0 1.22e-10 -5.535e-09
1267 0 3.12e-10 -2.46e-09
1268 0 3.2e-10 -2.405e-09
1269 0 3.48e-10 -1.82e-10
1270 0 3.75e-09 3.526e-09
1271 0 3.75e-09 -3.526e-09
1272 0 6.707e-09 2.197e-09
1273 0 6.707e-09 -2.197e-09
1274 0 2.04e-10 -3.832e-09
1275 0 2.35e-10 -3.777e-09
1276 0 2.43e-10 6.974e-09
1277 0 2.17e-10 7.043e-09
1278 0 1.18e-10 -9.33e-10
1279 0 3.77e-10 3.5e-10
1280 0 3.536e-09 5.59e-09
1281 0 3.51e-10 -1.23e-10
1282 0 2.4e-10 -3.275e-09
1283 0 2.4e-10 -4.173e-09
1284 0 2.35e-10 6.849e-09
1285 0 2.38e-10 6.354e-09
1286 0 2.36e-10 4.808e-09
1287 0 2.34e-10 4.942e-09
1288 0 2.16e-10 -1.0988e-08
1289 0 2.16e-10 1.0988e-08
1290 0 2e-10 -3.329e-09
1291 0 1.99e-10 4.994e-09
1292 0 2e-10 6.802e-09
1293 0 2.06e-10 6.3e-09
1294 0 2e-10 4.755e-09
1295 0 2e-10 -4.119e-09
1296 0 4.424e-09 2.168e-09
1297 0 4.422e-09 -2.166e-09
1298 0 1.15e-10 9.35e-10
1299 0 2.21e-10 2.441e-09
1300 0 1.193e-09 -8.405e-09
1301 0 1.193e-09 8.405e-09
1302 0 8.572e-09 4.641e-09
1303 0 8.572e-09 -4.641e-09
1304 0 1.42e-09 -1.3635e-08
1305 0 1.42e-09 1.3635e-08
1306 0 6.644e-09 4.669e-09
1307 0 7.397e-09 4.668e-09
1308 0 7.397e-09 -4.668e-09
1309 0 6.644e-09 -4.669e-09
1310 0 4.857e-09 -1.1086e-08
1311 0 5.568e-09 -1.1099e-08
1312 0 4.857e-09 1.1085e-08
1313 0 5.568e-09 1.1098e-08
1314 0 1.306e-09 -8.364e-09
1315 0 1.306e-09 8.364e-09
1316 0 8.132e-09 1.3576e-08
1317 0 8.132e-09 -1.3576e-08
1318 0 2.22e-10 -2.376e-09
1319 0 2.77e-10 -2.366e-09
1320 0 7.39e-10 -8.106e-09
1321 0 7.39e-10 8.106e-09
1322 0 5.12e-10 -9.208e-09
1323 0 5.12e-10 9.208e-09
1324 0 2.516e-09 -8.497e-09
1325 0 2.52e-09 8.5e-09
1326 0 2.23e-09 -8.21e-09
1327 0 8.538e-09 2.13e-09
1328 0 8.538e-09 -2.13e-09
1329 0 7.96e-10 -8.103e-09
1330 0 7.96e-10 8.103e-09
1331 0 2e-10 -1.0299e-08
1332 0 2e-10 1.0299e-08
1333 0 2.887e-09 -8.383e-09
1334 0 2.889e-09 8.348e-09
1335 0 5.17e-10 -1.1419e-08
1336 0 5.17e-10 1.1419e-08
1337 0 1.591e-09 -8.446e-09
1338 0 1.614e-09 8.428e-09
1339 0 2.12e-09 -8.246e-09
1340 0 8.9e-11 -8.7e-09
1341 0 8.9e-11 8.7e-09
1342 0 4.95e-10 -9.969e-09
1343 0 4.95e-10 9.969e-09
1344 0 3.234e-09 7.099e-09
1345 0 1.002e-09 8.543e-09
1346 0 1.002e-09 -8.543e-09
1347 0 3.467e-09 3.969e-09
1348 0 3.467e-09 -3.969e-09
1349 0 9.07e-10 -1.0738e-08
1350 0 9.07e-10 1.0738e-08
1351 0 2.355e-09 -8.277e-09
1352 0 2.065e-09 8.243e-09
1353 0 1.007e-09 -1.1236e-08
1354 0 1.007e-09 1.1236e-08
1355 0 3.458e-09 7.885e-09
1356 0 3.458e-09 -7.889e-09
1357 0 1.784e-09 8.263e-09
1358 0 1.756e-09 -8.284e-09
1359 0 4.16e-10 -1.0654e-08
1360 0 4.16e-10 1.0654e-08
1361 0 9.49e-10 -8.961e-09
1362 0 9.49e-10 8.961e-09
1363 0 3.47e-09 4.751e-09
1364 0 3.47e-09 -4.751e-09
1365 0 3.428e-09 4.403e-09
1366 0 3.428e-09 -4.403e-09
1367 0 5.02e-10 -8.473e-09
1368 0 5.02e-10 8.473e-09
1369 0 1.44e-10 -8.402e-09
1370 0 1.44e-10 8.402e-09
1371 0 2.66e-10 -8.343e-09
1372 0 2.66e-10 8.343e-09
1373 0 3.07e-10 -8.703e-09
1374 0 3.07e-10 8.703e-09
1375 0 8.9e-11 -8.524e-09
1376 0 8.9e-11 8.524e-09
1377 0 2.352e-09 8.343e-09
1378 0 2.033e-09 -8.369e-09
1379 0 1.921e-09 8.232e-09
1380 0 1.887e-09 -8.271e-09
1381 0 2.174e-09 8.383e-09
1382 0 5.5e-11 -8.319e-09
1383 0 8.3e-11 -8.24e-09
1384 0 5.5e-11 8.319e-09
1385 0 8.3e-11 8.24e-09
1386 0 4.82e-10 -8.213e-09
1387 0 5.56e-10 -8.164e-09
1388 0 4.82e-10 8.213e-09
1389 0 5.56e-10 8.164e-09
1390 0 4.13e-10 8.174e-09
1391 0 4.13e-10 -8.174e-09
1392 0 1.022e-09 -8.207e-09
1393 0 1.022e-09 8.207e-09
1394 0 2.572e-09 -8.222e-09
1395 0 2.441e-09 -8.173e-09
1396 0 1.475e-09 -8.175e-09
1397 0 1.692e-09 -8.152e-09
1398 0 1.478e-09 8.173e-09
1399 0 1.698e-09 8.149e-09
