i status r z
<type 'numpy.int64'> <type 'numpy.int64'> <type 'numpy.float64'> <type 'numpy.float64'>
1467 1467 1467 1467
0 0 0.07308 -8.42807
1 0 0.07308 8.42807
2 0 3.52044 -8.06742
3 0 3.52044 8.06742
4 0 3.33942 -8.09982
5 0 3.33942 8.09982
6 0 0.36903 -7.22377
7 0 0.37124 1.37662
8 0 0.36555 -1.37779
9 0 0.36561 7.22224
10 0 0.04305 -0.43514
11 0 0.37928 1.47108
12 0 0.37536 7.13641
13 0 0.3753 -1.46362
14 0 0.37536 -7.13331
15 0 0.25823 7.10666
16 0 0.26015 -1.49315
17 0 0.04203 -7.66739
18 0 0.04203 7.66739
19 0 0.08044 1.42503
20 0 0.3362 3.26971
21 0 0.2518 3.55356
22 0 0.15797 1.03239
23 0 0.16656 0.60281
24 0 3.85053 8.37632
25 0 3.85053 -8.37632
26 0 2.80359 -8.7334
27 0 2.80359 8.7334
28 0 0.16824 0.51149
29 0 0.03488 1.39408
30 0 0.07504 -0.38458
31 0 0.24247 0.24491
32 0 0.20713 1.06628
33 0 0.07817 -5.20367
34 0 0.34061 3.33121
35 0 0.35667 0.28055
36 0 3.80702 2.30115
37 0 3.80702 -2.30115
38 0 3.44572 -3.56194
39 0 3.44572 3.56194
40 0 3.45319 -3.34952
41 0 3.45319 3.34952
42 0 0.24524 7.17289
43 0 0.24524 -1.42711
44 0 0.0455 2.18525
45 0 0.04496 1.9323
46 0 0.04401 2.95355
47 0 0.0455 2.70195
48 0 2.13481 8.19404
49 0 2.13485 -8.19412
50 0 2.99809 -8.88653
51 0 2.99809 8.88653
52 0 0.28944 0.2808
53 0 0.15728 -0.01696
54 0 0.16727 3.11003
55 0 0.34195 7.59469
56 0 0.34443 -7.59641
57 0 0.15577 1.85861
58 0 3.6446 2.28034
59 0 3.6446 -2.28034
60 0 0.16387 -7.43014
61 0 0.16627 1.17057
62 0 0.16387 -1.16986
63 0 0.16387 7.43014
64 0 0.15987 -1.03098
65 0 0.04599 -5.26287
66 0 0.2178 3.84207
67 0 3.32624 5.03948
68 0 3.32624 -5.03948
69 0 3.25582 5.21066
70 0 3.25582 -5.21066
71 0 1.92769 8.75494
72 0 1.92769 -8.75494
73 0 0.20657 3.4896
74 0 0.72535 -8.06399
75 0 0.7295 8.06084
76 0 0.15963 1.79308
77 0 0.21194 -7.46557
78 0 0.21194 1.13443
79 0 0.21194 -1.13443
80 0 0.21194 7.46557
81 0 0.15963 3.0326
82 0 0.20826 -1.06559
83 0 0.31665 7.09031
84 0 0.31857 -1.5095
85 0 0.30849 -7.01952
86 0 0.07553 1.99595
87 0 0.07607 2.1209
88 0 0.07529 2.88945
89 0 0.07678 2.76585
90 0 0.07185 4.16286
91 0 0.25293 -7.28939
92 0 0.25249 -1.30869
93 0 0.25249 7.29131
94 0 3.50008 6.55854
95 0 3.50007 -6.55854
96 0 0.22758 4.54583
97 0 0.2276 6.59782
98 0 0.23043 2.6781
99 0 0.20965 2.75459
100 0 0.20738 2.90045
101 0 0.22302 2.97895
102 0 0.21519 1.90081
103 0 0.20242 1.98142
104 0 0.2073 2.13088
105 0 0.22805 2.20178
106 0 0.22778 0.47594
107 0 0.15898 -2.59089
108 0 0.29747 -7.24221
109 0 0.29392 -1.35762
110 0 0.29392 7.24238
111 0 3.32444 6.66415
112 0 3.32444 -6.66415
113 0 3.25019 -6.85313
114 0 3.25019 6.85313
115 0 3.51658 -4.71245
116 0 3.51658 4.71245
117 0 0.08816 -2.98173
118 0 0.27482 4.57919
119 0 0.27484 6.63119
120 0 3.31779 -7.01979
121 0 3.31779 7.01979
122 0 0.08201 -7.72763
123 0 0.08201 7.72763
124 0 1.78308 8.86735
125 0 1.78308 -8.86735
126 0 0.25156 1.31129
127 0 3.84349 7.60574
128 0 3.84349 -7.60574
129 0 3.33831 -4.61705
130 0 3.33831 4.61705
131 0 3.50833 7.33505
132 0 3.50833 -7.33505
133 0 0.16956 3.78663
134 0 0.50825 8.20298
135 0 0.50877 -8.20169
136 0 0.3446 -3.47144
137 0 0.15565 -7.96837
138 0 0.15565 7.96837
139 0 0.32046 -2.33499
140 0 0.31408 -2.10299
141 0 0.31518 5.46992
142 0 0.31426 5.98191
143 0 0.31478 5.30571
144 0 0.31478 -4.66571
145 0 0.31478 -6.32971
146 0 0.31517 -6.49392
147 0 0.3155 -4.82884
148 0 0.25886 4.65753
149 0 0.26136 -1.88209
150 0 0.26597 6.21954
151 0 0.2619 5.08073
152 0 0.26003 6.70502
153 0 0.30985 1.49865
154 0 0.29668 1.35885
155 0 0.07106 -4.04408
156 0 0.07101 -5.70835
157 0 0.34313 4.57988
158 0 0.38781 4.54697
159 0 0.34087 6.63123
160 0 0.38555 6.59832
161 0 0.32765 -4.16249
162 0 0.32765 -5.82649
163 0 3.25931 -4.42724
164 0 3.25931 4.42724
165 0 3.34266 7.40541
166 0 3.34266 -7.40541
167 0 0.08464 3.45612
168 0 0.29393 -4.20815
169 0 0.29393 -5.87215
170 0 0.31874 4.70637
171 0 0.30756 -1.83578
172 0 0.31643 6.2635
173 0 0.32303 5.81657
174 0 0.30966 5.03355
175 0 0.31131 6.75198
176 0 0.3048 -4.3261
177 0 0.30655 4.27396
178 0 0.32263 -6.84051
179 0 0.3048 -5.9901
180 0 0.21526 0.6416
181 0 0.35781 0.84683
182 0 0.31647 3.55294
183 0 0.32629 -1.01354
184 0 3.50128 -5.50782
185 0 3.50129 5.50782
186 0 0.174 2.61815
187 0 0.17304 2.26191
188 0 0.13048 4.16846
189 0 0.20332 0.0262
190 0 0.31889 -3.41062
191 0 0.33986 6.34424
192 0 2.5899 -8.73528
193 0 2.58989 8.73527
194 0 0.37193 4.66816
195 0 0.36561 6.71493
196 0 0.32732 1.01496
197 0 0.31798 -7.10507
198 0 3.32975 -4.26959
199 0 3.32975 4.26959
200 0 0.38049 -0.73212
201 0 0.16661 3.26577
202 0 0.09067 -3.04549
203 0 0.30508 6.38295
204 0 0.35088 -6.9706
205 0 3.32565 -5.39821
206 0 3.32565 5.39821
207 0 0.32645 7.40639
208 0 0.32645 -1.19361
209 0 0.32687 1.1934
210 0 0.32673 -7.40655
211 0 3.74321 -8.16591
212 0 3.74321 8.16591
213 0 3.88336 -2.48956
214 0 3.88336 2.48956
215 0 3.27731 8.25065
216 0 3.27731 -8.25065
217 0 0.04339 4.09915
218 0 0.36464 6.23342
219 0 0.36037 -1.85309
220 0 0.31127 -1.64156
221 0 0.31034 6.95669
222 0 0.06855 7.12243
223 0 0.06855 -1.47757
224 0 0.0648 -7.12124
225 0 0.35802 -2.22091
226 0 0.358 -2.1548
227 0 0.3588 5.4195
228 0 0.3588 5.35743
229 0 0.3588 -4.7165
230 0 0.3588 -6.38143
231 0 0.3588 -6.4435
232 0 0.3588 -4.77857
233 0 0.34401 -1.58887
234 0 0.34308 7.00938
235 0 0.35509 5.93398
236 0 2.89644 -8.21009
237 0 2.89651 8.21021
238 0 0.32458 7.73065
239 0 0.32118 -7.73369
240 0 0.26423 -7.34759
241 0 0.26437 1.25236
242 0 0.26395 -1.25257
243 0 0.26395 7.34743
244 0 3.75176 8.54532
245 0 3.75176 -8.54532
246 0 0.14239 2.01728
247 0 0.14364 2.78719
248 0 0.14215 2.86811
249 0 0.14294 2.09956
250 0 0.1723 0.96632
251 0 0.32636 1.79027
252 0 0.13413 -4.04692
253 0 0.13408 -5.71119
254 0 0.53514 8.05408
255 0 0.53861 -8.04543
256 0 1.89866 8.40566
257 0 1.8987 -8.40574
258 0 0.3094 -2.2579
259 0 0.08493 3.3798
260 0 0.36156 5.05279
261 0 0.04323 8.13901
262 0 0.04323 -8.13901
263 0 0.2218 -2.57061
264 0 0.33279 -0.57572
265 0 0.08774 -2.54492
266 0 0.08942 -2.48236
267 0 0.22413 -7.13609
268 0 0.21122 4.69034
269 0 0.21096 -1.85763
270 0 0.21557 6.244
271 0 0.21138 5.05631
272 0 0.2124 6.73783
273 0 0.11758 -8.35992
274 0 0.11758 8.35992
275 0 3.51426 4.97171
276 0 3.51426 -4.97171
277 0 0.36336 5.87014
278 0 0.29799 7.66989
279 0 0.30048 -7.67161
280 0 0.35239 4.83882
281 0 0.34172 4.91121
282 0 3.72362 -3.69848
283 0 3.72362 3.69848
284 0 0.36261 -6.89572
285 0 0.33843 -1.71323
286 0 0.3454 6.88308
287 0 0.22967 -5.29704
288 0 0.21028 -5.23227
289 0 0.468 -7.92559
290 0 0.52962 -7.95782
291 0 0.38127 0.65967
292 0 0.22879 0.1816
293 0 0.34252 -4.27334
294 0 0.34252 -5.93734
295 0 0.35344 4.33373
296 0 0.3244 -3.738
297 0 0.329 -5.40229
298 0 0.31645 -0.69561
299 0 0.21863 3.13744
300 0 2.51773 -8.88841
301 0 2.51773 8.88841
302 0 0.22555 3.40597
303 0 0.11559 0.63985
304 0 3.73109 3.22273
305 0 3.73109 -3.22273
306 0 0.30346 2.54682
307 0 0.33576 2.49478
308 0 0.33555 2.38924
309 0 0.30323 2.33268
310 0 0.34148 -3.60978
311 0 0.08222 1.49527
312 0 0.06374 -7.8507
313 0 0.06374 7.8507
314 0 0.30925 3.69256
315 0 0.20912 -0.60055
316 0 0.03396 3.48935
317 0 0.1454 -5.19653
318 0 0.21256 2.54578
319 0 0.19368 -2.71403
320 0 0.17435 -2.76968
321 0 0.36361 -3.90343
322 0 0.36105 -5.56475
323 0 0.24799 -6.99942
324 0 0.35278 2.14603
325 0 3.73617 -7.79033
326 0 3.73617 7.79033
327 0 0.30677 4.7917
328 0 0.2925 -1.76449
329 0 0.29902 6.83163
330 0 0.2948 4.9566
331 0 0.07308 -8.55514
332 0 0.07308 8.55514
333 0 1.95928 8.53834
334 0 1.95932 -8.53841
335 0 0.29896 -7.5398
336 0 0.29896 7.5398
337 0 0.15628 -5.82754
338 0 0.15628 -4.16351
339 0 0.14125 -2.65512
340 0 0.34279 3.76105
341 0 0.19254 3.90478
342 0 0.0418 -0.56353
343 0 3.50605 -7.08638
344 0 3.50605 7.08638
345 0 0.35446 0.76632
346 0 0.26891 -2.37892
347 0 0.1089 -7.92964
348 0 0.1089 7.92964
349 0 0.37728 6.51675
350 0 0.38825 4.46924
351 0 0.13438 7.12177
352 0 0.13438 -1.47823
353 0 0.12348 -7.11727
354 0 3.84413 4.45547
355 0 3.84413 -4.45547
356 0 0.08542 2.255
357 0 0.08636 2.63065
358 0 0.29136 -0.61974
359 0 3.44097 6.29063
360 0 3.44086 -6.29063
361 0 0.08485 -0.50978
362 0 0.34226 -1.97212
363 0 0.35998 -2.03432
364 0 0.3622 5.53818
365 0 0.34356 5.59336
366 0 0.35996 6.05308
367 0 0.34226 6.11586
368 0 0.34307 5.17263
369 0 0.36078 5.23531
370 0 0.35635 -4.59686
371 0 0.33772 -4.54168
372 0 0.3432 -6.61725
373 0 0.36203 -6.56213
374 0 0.35665 -6.26114
375 0 0.33801 -6.20596
376 0 0.35736 -4.89741
377 0 0.3395 -4.95151
378 0 3.73202 -7.40673
379 0 3.73202 7.40673
380 0 0.19499 4.0202
381 0 0.0367 7.18549
382 0 0.0367 -1.41451
383 0 0.03568 -7.18501
384 0 0.18278 -0.65022
385 0 0.21682 3.22071
386 0 3.15416 7.82847
387 0 3.15415 -7.82845
388 0 0.29159 -1.06559
389 0 0.29046 1.06628
390 0 0.16563 3.34956
391 0 0.21653 -7.93967
392 0 0.21873 7.93936
393 0 0.14637 3.50951
394 0 0.32713 3.15975
395 0 0.29328 3.11291
396 0 0.05685 0.73326
397 0 3.26629 7.57153
398 0 3.26629 -7.57153
399 0 0.03998 7.7926
400 0 0.03998 -7.7926
401 0 3.8971 -3.59871
402 0 3.8971 3.59871
403 0 0.25037 0.12713
404 0 0.21319 4.0747
405 0 3.02773 7.95858
406 0 3.02772 -7.95857
407 0 0.17465 -5.35182
408 0 0.34243 4.06342
409 0 0.35611 4.00804
410 0 0.30233 0.72426
411 0 0.30513 -3.66384
412 0 3.16589 7.95102
413 0 3.16588 -7.951
414 0 0.08804 -5.33686
415 0 3.47984 -2.93461
416 0 3.47984 2.93461
417 0 3.8971 3.33538
418 0 3.8971 -3.33538
419 0 3.52056 -4.20798
420 0 3.52056 4.20798
421 0 3.84121 6.83039
422 0 3.84121 -6.83039
423 0 1.55561 -8.73293
424 0 1.55561 8.73293
425 0 2.05547 8.20276
426 0 2.05661 -8.20526
427 0 3.28095 -3.21886
428 0 3.28095 3.21886
429 0 0.60131 8.07018
430 0 0.63065 8.13321
431 0 0.605 -8.07086
432 0 0.63087 -8.13699
433 0 0.21142 2.33195
434 0 3.44146 -5.77557
435 0 3.44157 5.77557
436 0 0.38979 -1.01563
437 0 0.25071 5.82833
438 0 0.23596 -4.32101
439 0 0.24653 4.28113
440 0 0.24998 -6.85176
441 0 0.23596 -5.98501
442 0 2.58812 8.15209
443 0 2.66258 8.15527
444 0 2.66221 -8.15427
445 0 2.58774 -8.1511
446 0 0.2199 -8.13349
447 0 0.2199 8.13349
448 0 3.84182 5.2414
449 0 3.84182 -5.2414
450 0 0.20545 -5.87512
451 0 0.20545 -4.21112
452 0 0.28152 3.2284
453 0 1.37253 8.86558
454 0 1.37253 -8.86558
455 0 3.57665 6.15211
456 0 3.57652 -6.15211
457 0 3.18705 -8.77523
458 0 3.18705 8.77523
459 0 0.29625 -0.50768
460 0 0.31164 0.09818
461 0 0.07693 7.46458
462 0 0.07693 -7.46458
463 0 0.29207 -8.09729
464 0 0.29215 8.09748
465 0 0.07254 1.25955
466 0 3.71769 -3.9069
467 0 3.71769 3.9069
468 0 3.50294 -3.98061
469 0 3.50294 3.98061
470 0 0.16774 -3.27331
471 0 0.19184 -3.22645
472 0 0.03526 7.42191
473 0 0.03526 -7.42191
474 0 0.04043 3.72579
475 0 3.32066 -7.73336
476 0 3.32066 7.73336
477 0 0.39342 1.01971
478 0 0.29527 7.46557
479 0 0.29527 -1.13443
480 0 0.29527 1.13443
481 0 0.29527 -7.46557
482 0 0.20894 -5.10926
483 0 0.24986 -2.11298
484 0 0.25104 5.46014
485 0 0.25016 5.97229
486 0 0.2506 5.31543
487 0 0.25057 -4.67543
488 0 0.25057 -6.33943
489 0 0.25105 -6.48417
490 0 0.25139 -4.81836
491 0 0.59334 8.88503
492 0 0.59334 -8.88503
493 0 2.16063 -8.55947
494 0 2.1606 8.55939
495 0 0.03247 0.79437
496 0 0.2725 -7.16192
497 0 0.28406 0.02185
498 0 0.3206 -0.02059
499 0 0.33882 -7.87311
500 0 0.34601 7.875
501 0 0.1758 -0.96341
502 0 0.17801 7.1796
503 0 0.17801 -1.4204
504 0 0.16999 -7.17375
505 0 0.29563 3.39138
506 0 0.04204 -5.39799
507 0 0.03488 1.30875
508 0 3.3546 -8.44903
509 0 3.3546 8.44903
510 0 2.99777 8.02459
511 0 2.99773 -8.02451
512 0 0.043 -3.73
513 0 0.48252 8.09296
514 0 0.48251 -8.08741
515 0 0.19134 -3.11907
516 0 0.07693 -1.13542
517 0 0.07933 1.13613
518 0 0.30062 1.56815
519 0 3.2612 3.6461
520 0 3.26376 -3.6373
521 0 1.0359 8.13121
522 0 1.0359 -8.13121
523 0 3.7372 4.65056
524 0 3.7372 -4.65056
525 0 0.03347 -0.79412
526 0 3.57678 -5.91707
527 0 3.57691 5.91707
528 0 0.1847 -7.37118
529 0 0.1871 1.22953
530 0 0.1847 -1.22882
531 0 0.1847 7.37118
532 0 0.03526 -1.17809
533 0 0.03766 1.1788
534 0 0.31583 -5.32448
535 0 0.17797 2.49392
536 0 0.30534 0.88093
537 0 0.03378 -2.94142
538 0 0.30913 -2.849
539 0 0.18979 -0.28559
540 0 0.34492 -3.33977
541 0 0.17838 -0.08457
542 0 0.66243 8.26306
543 0 0.66246 -8.263
544 0 0.07712 3.0181
545 0 0.3502 3.62321
546 0 0.11114 0.72089
547 0 0.07615 1.87523
548 0 3.16883 -8.56424
549 0 3.16883 8.56424
550 0 0.21852 4.47973
551 0 0.21473 6.53313
552 0 0.11708 -7.86211
553 0 0.11708 7.86211
554 0 0.40403 3.62252
555 0 0.34637 -8.63606
556 0 0.34637 8.63606
557 0 0.31078 2.21055
558 0 3.72974 7.02639
559 0 3.72974 -7.02639
560 0 3.72555 6.61811
561 0 3.72554 -6.61811
562 0 0.33372 -2.80311
563 0 0.33499 -0.46353
564 0 0.1484 -3.1676
565 0 3.73488 5.04149
566 0 3.73488 -5.04149
567 0 2.12901 8.77599
568 0 2.12901 -8.776
569 0 3.31209 -3.91799
570 0 3.3508 3.91652
571 0 3.72642 5.45241
572 0 3.72641 -5.45241
573 0 0.21371 7.66621
574 0 0.21371 -7.66621
575 0 2.25106 8.88841
576 0 2.25107 -8.88841
577 0 0.03425 3.3277
578 0 3.31083 3.00974
579 0 3.31083 -3.00974
580 0 2.808 -8.09195
581 0 2.80827 8.09242
582 0 3.72786 -3.01694
583 0 3.72786 3.01694
584 0 0.0841 3.79252
585 0 0.20697 -5.41785
586 0 0.24465 -0.31726
587 0 0.04084 0.05957
588 0 0.05871 -0.73584
589 0 0.07503 8.07314
590 0 0.07503 -8.07314
591 0 0.1256 -3.82052
592 0 0.21421 -5.04661
593 0 3.52921 2.72514
594 0 3.52921 -2.72514
595 0 0.33405 4.40978
596 0 0.31647 6.46635
597 0 0.24889 3.69127
598 0 2.25353 -8.4223
599 0 2.25349 8.42222
600 0 0.17935 -3.80239
601 0 0.13925 -0.38382
602 0 0.03692 0.55037
603 0 3.73531 4.26593
604 0 3.73531 -4.26593
605 0 0.03494 -1.02465
606 0 0.38813 -7.75562
607 0 0.11742 0.46705
608 0 0.3245 -5.16699
609 0 0.25815 -5.17537
610 0 0.07661 -1.0654
611 0 0.03992 2.32176
612 0 0.04086 2.56469
613 0 0.40662 -8.80771
614 0 0.40662 8.80771
615 0 0.26338 -0.74106
616 0 3.89268 -7.99959
617 0 3.89268 7.99959
618 0 0.02615 -3.47903
619 0 0.02837 4.364
620 0 0.02837 -6.412
621 0 0.02837 -4.748
622 0 0.04036 -4.23662
623 0 0.02848 -6.9241
624 0 0.04036 -5.90062
625 0 0.02837 5.9
626 0 0.02837 5.388
627 0 0.02833 6.41199
628 0 0.02837 -2.188
629 0 0.0283 4.876
630 0 0.02845 6.92409
631 0 0.02845 -1.67591
632 0 0.29314 1.87283
633 0 0.31072 -3.19265
634 0 0.29702 -3.29964
635 0 0.34289 -7.94802
636 0 0.27859 -7.98887
637 0 0.28087 7.98876
638 0 0.34427 7.95143
639 0 0.14401 1.67213
640 0 0.16147 1.50598
641 0 0.17988 1.56637
642 0 0.08004 1.70878
643 0 2.73738 8.23698
644 0 2.73731 -8.23682
645 0 0.06529 -3.44432
646 0 0.28372 -7.84924
647 0 0.2918 7.84761
648 0 1.56718 8.50805
649 0 1.56717 -8.50805
650 0 1.45903 8.38641
651 0 1.45902 -8.38643
652 0 0.21606 -2.3566
653 0 0.28989 0.53273
654 0 0.08 1.76703
655 0 0.25623 4.42074
656 0 0.24584 6.4832
657 0 0.16624 -0.53015
658 0 0.376 -3.08008
659 0 0.70528 -8.13541
660 0 0.70724 8.13181
661 0 0.0373 -2.70475
662 0 0.34757 2.27141
663 0 3.36595 -1.89134
664 0 3.36595 1.89134
665 0 0.04368 3.85472
666 0 0.34983 0.51032
667 0 0.68274 7.99511
668 0 0.63113 8.00304
669 0 0.03564 -5.64293
670 0 0.03568 -3.97868
671 0 0.27488 -3.23793
672 0 0.16306 -7.72537
673 0 0.16306 7.72537
674 0 3.88853 -7.221
675 0 3.88853 7.221
676 0 0.10837 3.23201
677 0 0.25283 0.75241
678 0 2.38509 8.43136
679 0 2.38508 -8.43134
680 0 0.35007 3.44295
681 0 0.35571 3.50088
682 0 0.08003 -5.08991
683 0 3.89307 -4.85009
684 0 3.89307 4.85009
685 0 3.88434 6.41772
686 0 3.88433 -6.41772
687 0 0.07849 -5.03075
688 0 0.16741 -3.45167
689 0 0.17687 2.38869
690 0 0.14554 -8.05377
691 0 0.14554 8.05377
692 0 3.8846 5.65601
693 0 3.88459 -5.65601
694 0 0.06847 -3.79449
695 0 2.40025 -8.14453
696 0 2.40021 8.14454
697 0 0.19647 1.69022
698 0 0.21213 1.75292
699 0 0.22227 -3.46608
700 0 3.01761 -8.10463
701 0 3.01766 8.10471
702 0 0.20884 -3.74864
703 0 0.59075 -8.22584
704 0 0.59023 8.22713
705 0 0.46058 -7.85292
706 0 0.24162 1.59141
707 0 2.81632 8.19706
708 0 2.81626 -8.19694
709 0 0.20863 0.86225
710 0 0.40096 -0.93851
711 0 0.15581 0.82834
712 0 0.4116 7.84647
713 0 0.40562 -7.98003
714 0 0.4053 7.98806
715 0 0.0766 -0.27541
716 0 0.03417 1.02537
717 0 2.98993 -8.28617
718 0 2.98994 8.2862
719 0 0.07584 1.06611
720 0 3.89118 4.07046
721 0 3.89118 -4.07046
722 0 0.03699 -3.21605
723 0 0.36254 2.75903
724 0 0.06005 -3.27878
725 0 0.06054 -2.76724
726 0 0.33785 -0.84145
727 0 0.29801 2.99744
728 0 0.16202 -0.82509
729 0 0.22374 -0.85332
730 0 0.21328 -8.92268
731 0 0.21328 8.92268
732 0 0.03666 1.54965
733 0 0.17899 -5.76576
734 0 0.17899 -4.10173
735 0 0.36025 2.89414
736 0 0.03255 3.60678
737 0 0.14726 -5.12543
738 0 0.36197 8.13084
739 0 0.36189 -8.13065
740 0 0.07688 -0.00395
741 0 2.87622 -8.06767
742 0 2.87654 8.06822
743 0 0.11245 -2.78354
744 0 2.89392 8.00095
745 0 2.89366 -8.0005
746 0 0.11106 -3.29201
747 0 0.03199 -0.31611
748 0 0.28714 1.74205
749 0 0.36324 -5.28583
750 0 0.98279 -8.88845
751 0 0.98279 8.88845
752 0 0.11377 -0.7244
753 0 0.03326 -3.60129
754 0 0.3452 1.63067
755 0 3.45995 -2.03505
756 0 3.45995 2.03505
757 0 0.07298 3.67257
758 0 0.30184 2.6574
759 0 0.06505 7.61005
760 0 0.06505 -7.61005
761 0 0.06029 6.98903
762 0 0.06029 -1.61097
763 0 0.0576 -6.98833
764 0 0.05459 5.83636
765 0 0.0546 5.32434
766 0 0.0546 5.96366
767 0 0.05675 -2.2496
768 0 0.05336 6.47599
769 0 0.0546 5.45166
770 0 0.07009 -4.29972
771 0 0.0546 -2.12434
772 0 0.05336 6.34799
773 0 0.0534 4.428
774 0 0.05683 4.29971
775 0 0.05332 4.812
776 0 0.05347 -1.73991
777 0 0.05332 4.94
778 0 0.0546 -6.34834
779 0 0.05347 6.86009
780 0 0.0546 -4.68434
781 0 0.0546 -6.47566
782 0 0.05444 -4.81102
783 0 0.05471 -6.86046
784 0 0.07009 -5.96372
785 0 0.25667 2.02157
786 0 0.32634 2.79519
787 0 0.26209 2.79519
788 0 0.26131 2.86012
789 0 0.32556 2.86013
790 0 0.32375 2.09512
791 0 0.26099 2.08874
792 0 0.19476 -0.41944
793 0 0.21194 -0.48131
794 0 0.77613 -8.77347
795 0 0.77613 8.77347
796 0 0.07108 0.12042
797 0 0.0341 4.62
798 0 0.0341 6.668
799 0 0.03306 -1.93167
800 0 0.03306 5.13167
801 0 0.03306 5.64412
802 0 0.03306 6.15633
803 0 0.03306 -4.49188
804 0 0.03306 -6.15588
805 0 0.03306 -6.66812
806 0 0.6606 -8.02126
807 0 0.07465 -0.21559
808 0 0.06651 3.56414
809 0 0.07627 -3.67129
810 0 3.79455 6.21962
811 0 3.79451 -6.21962
812 0 0.03538 -4.10939
813 0 0.03537 -5.77342
814 0 0.17302 -7.83613
815 0 0.20073 -7.78373
816 0 0.17302 7.83613
817 0 0.20073 7.78373
818 0 3.79477 -5.85292
819 0 3.79481 5.85292
820 0 0.41172 8.05875
821 0 0.41114 -8.05424
822 0 0.40093 0.72666
823 0 0.17061 -3.06501
824 0 3.33367 2.25232
825 0 3.33367 -2.2523
826 0 0.03439 -2.43517
827 0 0.06145 0.48926
828 0 0.0613 0.61148
829 0 0.27731 -2.62139
830 0 0.27792 0.36562
831 0 0.22641 0.39566
832 0 0.2489 -2.85976
833 0 0.03181 8.01505
834 0 0.03181 -8.01505
835 0 3.7679 8.90567
836 0 3.7679 -8.90567
837 0 3.90123 8.774
838 0 3.90123 -8.774
839 0 0.34939 -0.89688
840 0 1.15532 -8.75402
841 0 1.15532 8.75402
842 0 0.0726 3.91859
843 0 0.13279 3.93275
844 0 3.77723 2.67581
845 0 3.77723 -2.67581
846 0 3.46485 2.39385
847 0 3.46484 -2.39383
848 0 1.50973 -8.15142
849 0 1.50974 8.15139
850 0 0.21194 -0.71487
851 0 0.0331 3.08455
852 0 0.03123 1.66735
853 0 3.24344 -5.81621
854 0 3.24359 5.81621
855 0 0.03064 -4.99231
856 0 0.27063 -3.13264
857 0 0.39413 -7.83244
858 0 3.24304 -6.24515
859 0 3.24319 6.24515
860 0 0.03604 -0.06353
861 0 0.03218 -5.13681
862 0 2.81945 8.50472
863 0 2.81944 -8.5047
864 0 0.1915 -3.69808
865 0 0.03451 0.30794
866 0 0.07231 4.03502
867 0 0.03119 1.81093
868 0 0.13251 4.00651
869 0 0.33852 3.89027
870 0 0.30356 3.83191
871 0 0.03271 -2.58305
872 0 0.19341 3.72633
873 0 0.92289 8.1841
874 0 0.96352 8.12662
875 0 0.96376 -8.12629
876 0 0.92313 -8.18377
877 0 3.24198 -3.78502
878 0 3.27814 3.79234
879 0 0.05557 3.14855
880 0 0.03004 -0.1748
881 0 0.13186 1.61101
882 0 0.03628 -3.09052
883 0 0.13504 1.27584
884 0 2.30195 -8.14379
885 0 2.30189 8.14381
886 0 0.33858 -2.6047
887 0 0.11485 5.32436
888 0 0.11469 -2.12418
889 0 0.11274 6.47526
890 0 0.11482 5.83652
891 0 0.11477 5.96362
892 0 0.11633 -2.24602
893 0 0.11488 5.45158
894 0 0.1143 4.42522
895 0 0.13039 -4.30665
896 0 0.11492 -6.86069
897 0 0.11724 4.29738
898 0 0.13039 -5.97065
899 0 0.11481 -6.34836
900 0 0.1149 -6.47561
901 0 0.11481 -4.68436
902 0 0.11475 -4.81024
903 0 0.37401 0.12254
904 0 3.89387 -2.86625
905 0 3.89387 2.86625
906 0 0.30351 -5.5522
907 0 0.30378 -3.88755
908 0 0.27516 -5.44088
909 0 0.27606 -3.77566
910 0 0.11193 6.34962
911 0 0.11249 -1.73999
912 0 0.11149 4.939
913 0 0.11194 4.81239
914 0 0.11333 6.85984
915 0 0.10723 3.15954
916 0 0.12101 -1.61169
917 0 0.12103 6.9877
918 0 0.11823 -6.98941
919 0 0.18752 -0.2129
920 0 0.11531 4.69548
921 0 0.11427 -1.85619
922 0 0.1157 4.54396
923 0 0.11531 6.74348
924 0 0.11427 5.05619
925 0 0.11555 5.57161
926 0 0.05913 4.684
927 0 0.11427 6.23181
928 0 0.11555 6.08359
929 0 0.11555 -2.00441
930 0 0.11545 5.71675
931 0 0.05809 -1.86767
932 0 0.05913 6.732
933 0 0.05809 5.06767
934 0 0.11555 5.20441
935 0 0.1157 6.59196
936 0 0.05929 5.57978
937 0 0.05809 6.22033
938 0 0.05913 4.556
939 0 0.05929 6.09199
940 0 0.05929 -1.99601
941 0 0.05928 5.70848
942 0 0.05913 6.604
943 0 0.05929 5.19601
944 0 0.06279 -4.42697
945 0 0.05929 -4.55622
946 0 0.05929 -6.22022
947 0 0.05929 -6.60378
948 0 0.05929 -6.73249
949 0 0.06279 -6.09097
950 0 0.11555 -4.56439
951 0 0.11545 -6.74075
952 0 0.11896 -4.41871
953 0 0.11555 -6.22839
954 0 0.11555 -6.59561
955 0 0.11896 -6.08271
956 0 2.69738 -8.37097
957 0 2.69744 8.37113
958 0 0.35953 -2.5445
959 0 0.33537 -2.48335
960 0 0.16447 0.35175
961 0 0.20912 -7.05914
962 0 0.22332 -2.49652
963 0 0.27664 -2.46014
964 0 0.39263 -0.80561
965 0 2.48641 -8.52779
966 0 2.48642 8.52781
967 0 2.57803 -8.39218
968 0 2.5781 8.39235
969 0 0.1935 7.61262
970 0 0.1935 -7.61262
971 0 0.18042 4.13075
972 0 0.17715 -5.47331
973 0 0.19893 1.44836
974 0 0.261 1.43859
975 0 0.38199 4.11648
976 0 0.42549 7.78938
977 0 3.91021 6.03691
978 0 3.91018 -6.03691
979 0 0.11501 0.38759
980 0 0.13659 -0.18288
981 0 0.24026 3.95827
982 0 0.30048 3.95392
983 0 0.30694 -3.08994
984 0 0.06404 2.50069
985 0 0.06311 2.38576
986 0 0.1171 2.47901
987 0 0.11616 2.40674
988 0 3.38895 -8.8887
989 0 3.38895 8.8887
990 0 0.58563 7.95355
991 0 0.2469 -3.34593
992 0 0.14081 -0.31539
993 0 0.32664 -6.10195
994 0 0.32828 -4.43787
995 0 0.33071 5.69829
996 0 0.07573 -5.83804
997 0 0.07574 -4.17402
998 0 0.46641 7.95179
999 0 0.02892 3.97986
1000 0 0.34998 -6.05086
1001 0 0.35162 -4.38678
1002 0 0.35747 5.74981
1003 0 0.12609 7.27514
1004 0 0.12609 -1.32486
1005 0 0.12487 -7.27458
1006 0 1.10031 -8.53933
1007 0 1.10031 8.53933
1008 0 3.37925 2.59566
1009 0 3.37925 -2.59564
1010 0 0.27208 -7.78665
1011 0 0.27796 7.78533
1012 0 0.06476 0.24657
1013 0 0.34323 4.2196
1014 0 0.32952 4.16629
1015 0 0.31769 1.99097
1016 0 0.3567 2.03356
1017 0 0.05671 3.2637
1018 0 0.20725 0.71756
1019 0 0.24087 -0.11158
1020 0 0.27292 -5.02932
1021 0 0.02689 -1.29271
1022 0 0.02689 7.30729
1023 0 0.02669 -7.30719
1024 0 0.222 5.58034
1025 0 0.22076 -6.60432
1026 0 0.22021 -4.55514
1027 0 0.22021 -6.21914
1028 0 0.20938 5.77284
1029 0 0.20758 -4.37041
1030 0 0.21088 4.22976
1031 0 0.2086 -6.79571
1032 0 0.20758 -6.03441
1033 0 0.03057 2.05965
1034 0 0.03128 2.8279
1035 0 0.20883 -2.05965
1036 0 0.20943 5.51597
1037 0 0.20892 6.02815
1038 0 0.20899 5.25983
1039 0 0.20896 -4.6196
1040 0 0.20896 -6.2836
1041 0 0.20944 -6.53999
1042 0 0.20962 -4.87154
1043 0 0.17467 7.2493
1044 0 0.17467 -1.3507
1045 0 0.17381 -7.24676
1046 0 1.7453 8.39739
1047 0 1.7453 -8.39739
1048 0 0.16693 -3.93585
1049 0 0.16648 -5.60214
1050 0 0.11828 -3.89854
1051 0 0.06115 -3.91517
1052 0 0.06051 -5.57893
1053 0 0.1173 -5.56402
1054 0 0.33632 2.5985
1055 0 0.06359 7.24877
1056 0 0.06359 -1.35123
1057 0 0.06237 -7.2482
1058 0 0.05904 0.36905
1059 0 0.29607 -0.27651
1060 0 1.32286 8.37402
1061 0 1.32285 -8.37405
1062 0 0.35719 -6.77294
1063 0 0.32992 -6.72078
1064 0 0.169 0.28583
1065 0 0.27154 5.61072
1066 0 0.27009 -6.63465
1067 0 0.26975 -4.52475
1068 0 0.26975 -6.18875
1069 0 0.03025 0.18307
1070 0 0.2079 -2.96503
1071 0 0.1548 -2.93961
1072 0 0.12526 0.23992
1073 0 1.66445 8.20792
1074 0 1.66353 -8.20821
1075 0 0.02575 -0.91258
1076 0 0.20369 -2.82948
1077 0 0.15925 -4.95436
1078 0 0.27652 4.08474
1079 0 0.18521 -4.27122
1080 0 0.18521 -5.93522
1081 0 0.05942 -3.54832
1082 0 0.21212 6.91674
1083 0 0.21126 -1.68248
1084 0 0.14904 6.92251
1085 0 0.14818 -1.67671
1086 0 3.5134 -7.82351
1087 0 3.5134 7.82351
1088 0 0.18323 0.08265
1089 0 0.38579 -3.97265
1090 0 0.382 -5.63507
1091 0 0.05556 -7.95695
1092 0 0.05556 7.95695
1093 0 0.13138 0.12312
1094 0 0.14932 -6.92541
1095 0 0.21838 -6.92562
1096 0 0.47097 7.88664
1097 0 0.07995 -8.82273
1098 0 0.07995 8.82273
1099 0 0.06469 7.52012
1100 0 0.06469 -7.52012
1101 0 0.15099 -5.00362
1102 0 0.07328 -3.15857
1103 0 0.03185 7.05295
1104 0 0.03185 -1.54705
1105 0 0.02912 -7.05223
1106 0 0.30767 -2.95251
1107 0 0.32196 -3.00026
1108 0 0.17287 -3.99799
1109 0 0.17276 -5.66256
1110 0 0.07001 -2.65181
1111 0 0.89008 -8.32637
1112 0 0.89008 8.32637
1113 0 0.32969 -5.05243
1114 0 0.3567 -5.1011
1115 0 0.38409 -3.02041
1116 0 0.22073 6.09688
1117 0 0.22015 5.19287
1118 0 0.27106 6.13496
1119 0 0.2706 5.15475
1120 0 0.22007 -1.99306
1121 0 0.2704 -1.95498
1122 0 0.02623 -6.28434
1123 0 0.02503 4.492
1124 0 0.02623 -6.53966
1125 0 0.02623 -4.62034
1126 0 0.02623 -2.06034
1127 0 0.02503 6.54
1128 0 0.02623 5.26034
1129 0 0.02503 -1.804
1130 0 0.02503 4.748
1131 0 0.02503 5.004
1132 0 0.02503 6.796
1133 0 0.02838 -2.3136
1134 0 0.02607 -4.87502
1135 0 0.02503 6.284
1136 0 0.02623 5.51566
1137 0 0.02622 5.77236
1138 0 0.02623 6.02766
1139 0 0.02623 -6.79636
1140 0 0.02973 -6.02709
1141 0 0.02973 -4.36309
1142 0 0.02846 4.23571
1143 0 0.39132 7.73529
1144 0 0.02547 -3.85249
1145 0 0.02487 -5.516
1146 0 0.15456 1.39039
1147 0 0.1715 1.33307
1148 0 0.20863 4.87539
1149 0 0.16024 4.65213
1150 0 0.16218 5.61491
1151 0 0.16058 -1.89611
1152 0 0.16124 6.19384
1153 0 0.16066 5.09592
1154 0 0.16252 6.70077
1155 0 0.16079 -4.52093
1156 0 0.16095 -6.6389
1157 0 0.16079 -6.18493
1158 0 0.14509 4.87539
1159 0 0.20562 6.41493
1160 0 0.14628 6.41289
1161 0 0.85507 -8.16355
1162 0 0.85651 8.16529
1163 0 0.37556 -5.00436
1164 0 0.02453 0.91296
1165 0 0.21695 -2.18199
1166 0 0.14803 -2.18426
1167 0 0.14877 5.90012
1168 0 0.2179 5.89987
1169 0 0.1489 5.38794
1170 0 0.21841 5.38794
1171 0 0.2156 4.35186
1172 0 0.14968 4.35889
1173 0 0.1489 -4.74724
1174 0 0.2184 -4.74724
1175 0 0.14889 -6.41197
1176 0 0.21839 -6.41197
1177 0 0.91367 8.46852
1178 0 0.91368 -8.46852
1179 0 0.02524 -0.67505
1180 0 0.52545 7.9836
1181 0 0.02318 2.444
1182 0 0.12589 -7.59294
1183 0 0.12589 7.59294
1184 0 0.05922 -0.85114
1185 0 0.38261 5.64613
1186 0 0.38627 5.11785
1187 0 0.37661 -4.48927
1188 0 0.37527 -6.15364
1189 0 0.20066 -3.33108
1190 0 0.16181 3.62393
1191 0 0.14051 3.679
1192 0 0.02453 0.42778
1193 0 0.02246 3.212
1194 0 0.02438 0.67222
1195 0 0.16132 6.13129
1196 0 0.16064 4.58595
1197 0 0.16209 5.67401
1198 0 0.16066 -1.95865
1199 0 0.16074 5.15846
1200 0 0.16292 6.63459
1201 0 0.1607 -4.46182
1202 0 0.16086 -6.698
1203 0 0.1607 -6.12582
1204 0 0.02324 -2.82648
1205 0 0.02305 -3.33873
1206 0 0.06788 1.605
1207 0 0.74195 -8.1873
1208 0 0.81218 -8.2018
1209 0 0.81386 8.20321
1210 0 0.74363 8.18871
1211 0 3.92366 2.09659
1212 0 3.92366 -2.09659
1213 0 0.29755 -0.08488
1214 0 0.36467 -5.21866
1215 0 0.33458 -4.01251
1216 0 0.34502 -4.06606
1217 0 0.33335 -5.67763
1218 0 0.34378 -5.73119
1219 0 0.21875 -6.09103
1220 0 0.26838 -6.11974
1221 0 0.26944 -6.70299
1222 0 0.26838 -4.45574
1223 0 0.21875 -4.42703
1224 0 0.22001 -6.73177
1225 0 0.27164 5.68026
1226 0 0.22201 5.70897
1227 0 0.38603 -1.91654
1228 0 0.38538 6.17036
1229 0 0.38243 -6.66977
1230 0 0.11827 -2.35725
1231 0 0.06277 -2.36876
1232 0 0.18584 -7.52161
1233 0 0.18584 7.52161
1234 0 0.11321 -3.35992
1235 0 0.06219 -3.38936
1236 0 0.06691 -5.46199
1237 0 0.1237 -5.48975
1238 0 0.05699 0.85178
1239 0 0.02376 -7.90664
1240 0 0.02376 7.90664
1241 0 0.11682 -0.86505
1242 0 0.12553 7.54173
1243 0 0.12553 -7.54173
1244 0 0.15948 -0.75901
1245 0 0.25117 -0.38267
1246 0 0.3071 -0.40039
1247 0 0.26691 -2.70058
1248 0 0.3174 -2.74063
1249 0 0.16265 -2.39554
1250 0 0.16218 -2.45425
1251 0 0.32782 3.05831
1252 0 0.22793 7.87465
1253 0 0.22573 -7.87496
1254 0 0.14273 5.26875
1255 0 0.14257 -2.06858
1256 0 0.14098 6.52724
1257 0 0.14261 5.78078
1258 0 0.14266 6.01922
1259 0 0.1425 4.47718
1260 0 0.14277 5.50741
1261 0 0.14345 -2.29851
1262 0 0.1426 -6.80485
1263 0 0.1427 -6.29253
1264 0 0.14279 -6.53144
1265 0 0.1462 -4.36176
1266 0 0.1475 4.23897
1267 0 0.1462 -6.02576
1268 0 0.14249 -4.86341
1269 0 0.1427 -4.62853
1270 0 2.92768 8.12741
1271 0 2.92758 -8.12723
1272 0 0.27263 -0.81342
1273 0 0.23481 7.56141
1274 0 0.23481 -7.56141
1275 0 0.11299 0.86719
1276 0 0.2876 0.94695
1277 0 0.76203 -8.56824
1278 0 0.76202 8.56824
1279 0 0.13978 6.29711
1280 0 0.14023 -1.7926
1281 0 0.13938 4.99152
1282 0 0.14107 6.80724
1283 0 0.13983 4.75987
1284 0 0.02302 -7.55885
1285 0 0.02302 7.55885
1286 0 3.54071 -8.56569
1287 0 3.54071 8.56569
1288 0 0.06216 -1.2428
1289 0 0.06216 7.3572
1290 0 0.06195 -7.3571
1291 0 0.12802 -0.12414
1292 0 0.12365 -3.48621
1293 0 0.24144 -0.18117
1294 0 0.3414 1.92285
1295 0 0.14842 -7.04934
1296 0 0.1584 -1.54843
1297 0 0.15842 7.05096
1298 0 0.16007 -3.38034
1299 0 0.22375 8.33315
1300 0 0.22375 -8.33315
1301 0 0.29315 -4.10266
1302 0 0.29315 -5.76668
1303 0 2.20841 8.24261
1304 0 2.20846 -8.24269
1305 0 0.1535 -3.5963
1306 0 0.24332 -3.53379
1307 0 0.30792 -3.53813
1308 0 0.15303 -8.65108
1309 0 0.15303 8.65108
1310 0 0.06704 -0.62747
1311 0 1.04773 8.22771
1312 0 1.04773 -8.22771
1313 0 0.1541 0.75982
1314 0 0.35394 -0.36146
1315 0 0.34943 -0.30298
1316 0 0.06608 -0.11611
1317 0 0.3323 0.39204
1318 0 0.36011 0.44594
1319 0 0.80357 -8.28818
1320 0 0.80357 8.28818
1321 0 0.25249 0.82858
1322 0 0.27905 0.60708
1323 0 0.32055 0.65489
1324 0 0.06069 -0.95946
1325 0 0.12466 7.3409
1326 0 0.12466 -1.2591
1327 0 0.12445 -7.3408
1328 0 1.19291 -8.41362
1329 0 1.19292 8.41362
1330 0 0.27629 -3.99074
1331 0 0.23152 -4.02245
1332 0 0.23145 -5.6868
1333 0 0.27623 -5.65508
1334 0 3.79386 1.93609
1335 0 3.79386 -1.93609
1336 0 0.29648 -0.93959
1337 0 0.23604 -0.92406
1338 0 3.63143 2.04695
1339 0 3.63143 -2.04695
1340 0 0.34834 2.69762
1341 0 0.96675 -8.26021
1342 0 0.96675 8.26021
1343 0 0.15105 0.17912
1344 0 0.10893 -2.84954
1345 0 0.05701 -2.87591
1346 0 0.2112 -3.59254
1347 0 0.22517 3.62255
1348 0 0.34765 -2.91013
1349 0 0.26117 -3.40961
1350 0 0.42815 8.23799
1351 0 0.42818 -8.23794
1352 0 0.21629 -5.57126
1353 0 0.21695 -3.90457
1354 0 3.55685 -8.79437
1355 0 3.55685 8.79437
1356 0 0.27226 -4.96249
1357 0 0.22181 -4.93052
1358 0 0.12209 -0.65678
1359 0 0.12824 3.57486
1360 0 0.22886 4.17275
1361 0 0.27695 4.14701
1362 0 0.15233 -2.87294
1363 0 0.25065 -2.92864
1364 0 0.34814 2.95284
1365 0 0.28788 2.44033
1366 0 0.29513 -0.21311
1367 0 0.22341 0.9322
1368 0 0.30591 1.67869
1369 0 0.11777 -3.54754
1370 0 0.13815 -3.66708
1371 0 0.0587 0.96055
1372 0 0.24606 1.65413
1373 0 0.36091 8.35871
1374 0 0.36094 -8.35865
1375 0 0.34776 -0.18211
1376 0 3.08574 -8.20519
1377 0 3.08574 8.2052
1378 0 0.26766 -3.93499
1379 0 0.26734 -5.59997
1380 0 0.24466 -2.24104
1381 0 0.20286 -2.2958
1382 0 0.21693 -1.55665
1383 0 0.24262 -1.62568
1384 0 0.24072 6.97352
1385 0 0.21504 7.04255
1386 0 0.11829 -0.93263
1387 0 0.11282 -4.9165
1388 0 0.37706 0.35041
1389 0 1.89608 8.15834
1390 0 1.90208 -8.16942
1391 0 0.69272 -8.32597
1392 0 0.6927 8.32603
1393 0 0.35076 -0.12347
1394 0 1.81806 8.1618
1395 0 1.82203 -8.17076
1396 0 0.23794 -5.74484
1397 0 0.23795 -4.08082
1398 0 2.99573 -8.44683
1399 0 2.99574 8.44686
1400 0 1.97556 8.25583
1401 0 1.9767 -8.25832
1402 0 0.23364 6.35948
1403 0 0.2338 4.94173
1404 0 0.23536 6.84846
1405 0 0.23398 -1.74962
1406 0 0.23554 4.80794
1407 0 0.20214 6.30494
1408 0 0.19814 4.99425
1409 0 0.19988 4.75542
1410 0 0.19864 -1.79646
1411 0 0.20001 6.80163
1412 0 0.4481 -8.49746
1413 0 0.44808 8.49752
1414 0 0.1147 0.93522
1415 0 0.221 2.44051
1416 0 1.19631 8.18079
1417 0 1.19631 -8.18081
1418 0 0.23946 -3.65094
1419 0 0.05671 -4.92733
1420 0 2.54357 8.25502
1421 0 2.54351 -8.25485
1422 0 0.22055 -5.51671
1423 0 0.22205 -3.84912
1424 0 0.27399 -5.50064
1425 0 0.27516 -3.83477
1426 0 0.27825 -3.03803
1427 0 0.22121 -3.02667
1428 0 1.74326 -8.25131
1429 0 1.74419 8.25102
1430 0 1.55742 8.23264
1431 0 1.55741 -8.23267
1432 0 1.29772 -8.21275
1433 0 1.29773 8.21271
1434 0 0.1939 -8.2178
1435 0 0.1939 8.2178
1436 0 2.43832 8.25249
1437 0 2.43831 -8.25246
1438 0 3.17792 -5.51675
1439 0 3.17793 5.51676
1440 0 3.17708 -6.54281
1441 0 3.17708 6.54281
1442 0 3.15559 5.66701
1443 0 3.15553 -5.66701
1444 0 3.18079 -4.73148
1445 0 3.18079 4.73148
1446 0 3.15494 6.39171
1447 0 3.15488 -6.39171
1448 0 0.62756 8.46393
1449 0 0.62758 -8.46387
1450 0 3.17938 -1.92974
1451 0 1.12724 8.26184
1452 0 1.12724 -8.26184
1453 0 3.17103 -4.89465
1454 0 3.17103 4.89465
1455 0 0.08773 8.20395
1456 0 0.08773 -8.20395
1457 0 0.0445 8.26393
1458 0 0.0445 -8.26393
1459 0 3.18616 -7.27963
1460 0 3.18615 7.27962
1461 0 3.18014 -4.02999
1462 0 3.22217 4.02568
1463 0 3.1835 4.15138
1464 0 3.18019 -4.15423
1465 0 3.16356 7.14267
1466 0 3.16357 -7.14268
