status Fshear[0] Fshear[1] Javgbtm i Fp[1] Fbare[1] Fp[0] Fshear[2] r Fbare[0] Fbare[2] Fp[2] Javgtop z Javgctr
<type 'numpy.int64'> <type 'numpy.float64'> <type 'numpy.float64'> <type 'numpy.float64'> <type 'numpy.int32'> <type 'numpy.float64'> <type 'numpy.float64'> <type 'numpy.float64'> <type 'numpy.float64'> <type 'numpy.float64'> <type 'numpy.float64'> <type 'numpy.float64'> <type 'numpy.float64'> <type 'numpy.float64'> <type 'numpy.float64'> <type 'numpy.float64'>
293 293 293 293 293 293 293 293 293 293 293 293 293 293 293 293
1 10.723609015 -20.8159336206 58.5084161342 0 -28.6933880516 1.43570171727e-17 29.5410087275 -7.85798215958 9.015e-09 -1.77011267865e-16 -3.47259140798e-15 -153.300759066 58.5084140402 -1.21131e-08 58.5084158883
1 16.6425103001 -17.3826285184 59.7430475352 1 -20.64490538 -1.98186191862e-17 42.1110886955 -6.00692036831 9.7113e-09 -1.28987893863e-17 -3.54832531728e-15 -173.55085318 59.74304531 -1.15694e-08 59.7430472711
1 10.7993356976 -14.5303427742 55.9593759822 2 -48.6426742753 -1.67969378487e-16 23.8326878519 -3.79211000544 1.24243e-08 2.25196287441e-17 -3.61182272002e-15 -180.580369563 55.9593740657 4.8806e-09 55.9593757662
1 12011075.806 -2264899.66829 60.8450375376 3 -32.0928350512 1.12489633487e-17 7.81277613599 3714277.84791 1.24243e-08 -9.34876291091e-17 -3.5239743452e-15 -158.864646236 60.8450354316 -4.8806e-09 60.8450373259
1 21.220502126 -32.057879035 59.220737631 4 -42.7004255895 4.50591694852e-17 -7.66017620303 -6.48062775573 6.0132e-09 -1.80270866158e-16 -3.45830384151e-15 -155.792123346 59.2207356198 -5.9089e-09 59.2207373993
1 23.3780868403 -14.256123836 57.2163894865 5 -52.7954773455 -4.88118162463e-17 -10.2832156544 -14.688607641 6.0135e-09 -1.83634502609e-16 -3.64705861251e-15 -170.754900573 57.2163873058 5.9087e-09 57.2163892736
1 14543217.5491 -2484801.48804 58.4051973856 6 -61.0213610622 -1.44358825121e-16 10.5338541621 -3801898.74651 1.22124e-08 -2.43737530351e-17 -3.60376780947e-15 -148.718743457 58.4051950964 3.7273e-09 58.4051972141
1 9.38453191513 -20.336572504 60.6337284959 7 -24.5431500531 -8.81115679111e-17 37.2883719365 -15.8056412362 1.22124e-08 3.79133303409e-17 -3.51462844493e-15 -165.851444139 60.6337263615 -3.7273e-09 60.6337282642
1 7.00483716736 -19.7605511753 48.1105560009 8 -60.4500980734 -9.2137220164e-17 41.213058375 -14.6673676881 5.463e-10 1.96980957923e-18 -3.37066056157e-15 -123.788475934 48.1105549777 -1.11252e-08 48.1105558715
1 10.4591262596 -20.5432258491 58.5732382399 9 -70.6593553872 -2.83179364054e-16 4.25108959479 -14.0347965097 5.463e-10 -5.30394755425e-17 -3.48037213647e-15 -178.580521097 58.5732352612 1.11252e-08 58.5732380561
1 22.1680441456 2.45844404705 56.6055060577 10 -108.084471204 -3.1079605899e-16 -5.38842132659 0.749483380541 9.748e-09 -1.52892991099e-16 -3.74374189712e-15 -192.727642599 56.6055037843 1.16105e-08 56.6055058749
1 10.9770679478 -25.2624933621 55.3506635112 11 -45.2750507941 -1.35497671836e-16 -0.629957720044 -7.93364121464 9.0511e-09 -1.06114327698e-16 -3.75770992975e-15 -183.36753439 55.350662354 1.21469e-08 55.350663367
1 9.61096633833 -27.7673413781 57.7178748809 12 -25.1622892624 -7.09348583389e-17 32.2773219585 -7.58815062793 5.1469e-09 -1.79738114844e-16 -3.40073670809e-15 -145.613508343 57.717872956 -5.6381e-09 57.7178746548
1 25.0027731674 -10.8739513134 56.7814127215 13 -63.9534054535 -2.96683716825e-16 -7.77350549267 -8.65423720445 5.1469e-09 -2.56419156987e-17 -3.83496036317e-15 -165.530757089 56.7814112121 5.6381e-09 56.7814125505
1 9.53603887808 -23.4847762487 58.5458110016 14 -48.8698765053 -3.11978820569e-17 31.1913955886 -6.84064039553 1.43052e-08 -1.28699360966e-16 -3.58413894707e-15 -160.279487194 58.5458087036 6.0962e-09 58.5458108013
1 19.7600331366 -12.4551867334 55.0593092926 15 -34.0562474069 -9.91551993385e-17 26.1341729598 -13.0399806389 1.43052e-08 -1.66928055051e-16 -3.45877281155e-15 -154.955417352 55.0593075864 -6.0962e-09 55.0593090837
1 -0.108163792182 -25.2164712821 53.3260524646 16 -17.7387304196 2.14671859455e-17 42.3713495629 -13.8854275579 5.0928e-09 -1.66918455716e-16 -3.50645715538e-15 -168.375694441 53.3260510964 -1.36463e-08 53.3260523052
1 7.68128313529 -24.8349144716 59.7867843224 17 -47.2104182431 -6.253741044e-17 2.4154875088 -12.7580816663 5.0928e-09 -1.46713942488e-16 -3.62892276097e-15 -163.288684552 59.7867820591 1.36463e-08 59.7867841543
1 11.1528873431 -11.568364509 60.7595598283 18 -65.8004718434 -1.48281233657e-16 25.3815419991 -7.97881708223 1.38192e-08 -2.8857894678e-17 -3.566777439e-15 -142.850926017 73.8932704463 7.0759e-09 60.7595598059
1 13.7369672523 -13.4512096879 38.4464949941 19 -42.2921648864 -5.33763567621e-18 24.3283930431 -14.2250773753 1.38192e-08 -1.10204559379e-16 -3.42126597861e-15 -204.24149911 57.2294249185 -7.0759e-09 57.2294265628
1 2.10550775497 -13.4589185943 56.6516352563 20 -65.1766048106 -2.49378838085e-16 3.17763340187 -12.6611456793 8.789e-09 -6.07895604203e-17 -3.64792274464e-15 -150.690027452 56.6516336655 3.8144e-09 56.6516350894
1 5.86777489769 -15.6573239813 57.3833884908 21 -20.9281249618 -5.5307221791e-18 13.8909804842 -11.7188196036 8.789e-09 -9.18686490233e-17 -3.45440897477e-15 -160.926918172 57.3833866298 -3.8144e-09 57.3833882756
1 0.173940122903 -18.4274077465 53.7454935498 22 -42.7552333802 -6.58625333532e-17 53.8422202605 -13.272118619 4.4603e-09 -3.74620626435e-17 -3.44283962317e-15 -174.72848004 53.7454920578 -1.44578e-08 53.7454933639
1 7.76494290446 -14.7757720647 59.8753100872 23 -101.551198638 -2.78970659547e-16 1.82681361412 -9.3589025132 4.4603e-09 -1.79923338853e-16 -3.64927698341e-15 -157.550717984 59.8753069879 1.44578e-08 59.875309909
1 8.27503100762 -24.0567765087 58.2660672577 24 -16.2468228726 1.07372925975e-17 56.0991630584 -6.94915866047 1.43285e-08 -9.57008123053e-17 -3.60983310615e-15 -165.083048483 58.266065276 -9.9667e-09 58.2660670349
1 10.5364186798 -11.493727085 58.4758207421 25 -83.8051766115 -2.68604884503e-16 -1.7646660109 -11.884316204 1.43285e-08 -9.96751839075e-17 -3.60040698656e-15 -167.897353661 58.4758183233 9.9667e-09 58.4758205407
1 17.7272301267 -27.6929952938 61.7280801233 26 -23.7196778211 -1.39155132032e-16 -23.4446030884 -15.9856567003 2.8053e-09 -2.56818733306e-16 -3.67102884542e-15 -173.748676102 61.7280772376 1.03002e-08 61.728079946
1 10.8768949259 -9.61026136445 53.7958796634 27 -63.7180278921 -6.43046983297e-17 23.8123741227 -16.0477590682 2.8053e-09 -1.30476192498e-16 -3.53954810018e-15 -163.448836761 53.795878515 -1.03002e-08 53.7958795196
1 3.80137309935 -6.772400195 60.496043663 28 -53.431757551 -6.33070382027e-17 52.0762255941 -5.49959352726 1.27555e-08 -4.08048563964e-17 -3.60103720675e-15 -143.460453848 73.6122743834 7.378e-09 60.4960436225
1 34550055.1193 -26077228.7831 38.7856896676 29 -53.268637568 -5.89365854111e-17 5.07782277047 -24144784.2194 1.27555e-08 -1.62192833799e-16 -3.50104049409e-15 -184.536338392 57.515184997 -7.378e-09 57.5151866953
1 8.5201524884 1.16332180597 58.1191304013 30 -82.2150199405 -2.58170021393e-16 20.5848583027 -3.66499607295 8.2639e-09 -1.37909210615e-16 -3.70636612495e-15 -166.001969477 58.1191286286 4.6287e-09 58.1191302477
1 15.4948570823 -28.5116665054 60.7721957134 31 -27.0698841536 -6.88157174102e-17 18.2164241921 -14.1217755358 8.2639e-09 -1.73520145775e-16 -3.4533949673e-15 -152.095428357 60.7721933201 -4.6287e-09 60.7721954406
1 16.0005502242 -6.49802452073 58.8502932652 32 -68.0569011494 -1.98570831272e-16 -4.25420191605 -7.03177263449 4.3468e-09 -1.93419224968e-16 -3.68717184593e-15 -186.007485341 58.850290379 4.0713e-09 58.8502930343
1 10.4030442556 -27.6840665306 58.990292561 33 -13.5190225508 -1.08894661845e-16 41.7067818056 -9.79426780853 4.3468e-09 -2.32690842956e-16 -3.3566098783e-15 -159.591700431 58.9902902185 -4.0713e-09 58.9902922579
1 1629296.43093 -3446332.8829 56.6721866195 34 -29.4478540971 1.65694954426e-17 6.84566907758 1600455.48756 1.17723e-08 -2.12606814185e-16 -3.41659977796e-15 -155.251158971 56.6721845252 -6.8382e-09 56.6721863605
1 6.38601618488 -30.4501448606 55.8133487953 35 1.39092914403 -1.07828221972e-16 53.2117807783 -5.85503341809 1.14767e-08 3.09855984428e-17 -3.34047859793e-15 -157.708077973 55.8133465533 -5.6269e-09 55.8133485378
1 12.9324313136 -14.5786668244 58.6030133944 36 -69.844631331 -2.99461112187e-16 -10.9912545906 -10.2983081331 1.17723e-08 -1.37744608239e-16 -3.59687357937e-15 -156.964881314 58.6030110389 6.8382e-09 58.6030132148
1 20.3728947607 -16.3321292225 58.4867208174 37 -68.8988664585 -1.697458485e-16 -17.8770214698 -16.9955925639 1.14767e-08 -1.53360682652e-16 -3.54260956653e-15 -167.310515783 58.4867182901 5.6269e-09 58.486720594
1 14.7475961902 -21.7415292559 58.9449193247 38 -35.3776722742 -8.15371995998e-17 -5.43627258147 -5.77611463047 4.4653e-09 -1.26170529217e-16 -3.66434048644e-15 -219.762422128 58.9449168229 3.3774e-09 58.9449191464
1 6.77402784415 -24.8034356861 59.1639425843 39 -48.2252673067 -1.9539938959e-16 63.2210098435 -10.9048372879 4.4653e-09 3.05629593718e-17 -3.39261833686e-15 -127.177786052 59.1639401963 -3.3774e-09 59.163942296
1 25.7206189551 -22.233456364 59.5178414945 40 -81.4945279113 -7.39019606731e-17 -0.746815201946 -15.7751712459 6.7587e-09 -2.61403335156e-16 -3.45748036269e-15 -139.860994921 59.5178394889 -5.3084e-09 59.5178412788
1 19.3145260802 -23.2357668259 55.0559641844 41 -61.739286429 -1.07786586563e-16 -37.4206414074 -11.9627437529 6.7591e-09 -8.11234573046e-17 -3.61261678102e-15 -156.864281254 55.055962236 5.3082e-09 55.0559640354
1 -0.920534327852 -13.8721416397 60.0243452372 42 -64.026073858 -4.22849810278e-17 41.951454225 -11.7494297251 1.38425e-08 -6.17435020377e-17 -3.5939151129e-15 -177.029279977 60.02434317 -8.9607e-09 60.0243450065
1 7.19502729714 -15.4365235623 58.8316555324 43 -68.0125878644 -2.4235061359e-16 21.4176222421 -13.7626988977 1.38425e-08 -1.84468499626e-16 -3.63298194297e-15 -145.19407882 58.8316537977 8.9607e-09 58.8316553486
1 5.8880754135 -15.919348574 55.7494255027 44 -69.2558325781 -1.90594034866e-16 20.0818119825 -9.88303161309 1.18748e-08 -1.9282253615e-16 -3.65382828704e-15 -147.550965426 55.7494238829 9.0515e-09 55.7494253202
1 8.95321565415 -12.195315323 59.1411953107 45 -40.8452019268 -1.06516267991e-16 15.8230765418 -10.6314129126 1.18742e-08 -1.22854897006e-16 -3.44754133018e-15 -152.64868884 59.1411929623 -9.0515e-09 59.1411950437
1 -1897386.80841 -427301.961329 57.1266209873 46 -45.8896253739 -2.06564161876e-16 25.0209098601 5067510.12274 1.03072e-08 3.53863723489e-17 -3.50705819691e-15 -152.89700826 57.1266191432 -1.433e-08 57.1266207549
1 -9669250.55157 3495045.51513 55.7518460562 47 -82.9996896792 -2.25625712362e-16 7.7207437693 -13417739.3884 1.03087e-08 -1.62617483413e-16 -3.50908357697e-15 -149.553340453 55.751843803 1.433e-08 55.751845835
1 9.5030343288 -11.3412324691 55.2613180887 48 -75.2939822407 -1.08911234098e-16 43.284614866 -10.5452094077 6.0971e-09 -5.8534866293e-17 -3.44386357605e-15 -170.232555512 55.2613167469 -1.36914e-08 55.2613179415
1 14.8459661331 -23.6297878731 59.196581829 49 -79.2893407595 -1.79331955013e-16 -2.74084076386 -14.521917375 6.0971e-09 -1.78591542243e-16 -3.58785865782e-15 -153.186866379 59.1965790186 1.36914e-08 59.1965816579
1 20.8929230498 -12.5065138931 57.4873204825 50 -56.3937950492 7.59424339845e-19 29.9614218151 -12.6358535939 1.27788e-08 -1.54947545206e-16 -3.4490171044e-15 -167.924667027 57.4873184746 -8.6009e-09 57.4873202388
1 10.9467697844 -15.1365934916 57.6051262982 51 -69.5695737047 -2.20526537418e-16 17.1688034785 -11.1046486012 1.27788e-08 -5.90817846583e-17 -3.58614562743e-15 -142.487985134 57.6051242904 8.6009e-09 57.6051261268
1 13.7569560452 -30.748166518 52.2396497974 52 -16.0835442554 9.74884850519e-18 58.9272881275 -14.5015934882 4.4771e-09 -8.48405150695e-18 -3.42114967815e-15 -132.57976544 52.2396485332 -1.23603e-08 52.2396496633
1 15.7091116841 -19.7660502371 59.4639065152 53 -82.1162251149 -2.32681999611e-16 -6.71269951653 -11.7640028252 4.4771e-09 -2.17868942003e-16 -3.59829582051e-15 -181.847844967 59.4639042072 1.23603e-08 59.4639063757
1 7780942.92775 -24130894.4682 59.3038880628 54 -34.5363412429 -1.57931743439e-16 17.4191831978 -943294.190025 3.765e-09 -7.80517000418e-17 -3.5497624176e-15 -131.951915787 59.3038858011 -9.6845e-09 59.3038878519
1 11.5870019905 -8.53176311183 60.5461382227 55 -69.0936732257 -2.90532189537e-16 10.1199236689 -4.26448275215 3.765e-09 -1.49819502473e-16 -3.63712951771e-15 -174.468876525 60.5461355993 9.6845e-09 60.5461380379
1 13.6798427341 -18.3437122609 58.7558405 56 -68.2877246257 -2.05617291149e-16 31.7765796302 -9.44438103124 1.14528e-08 -2.44839519486e-16 -3.59856803063e-15 -157.696845477 58.7558380516 1.22552e-08 58.755840279
1 1.64244532102 -26.257417876 60.1515699878 57 -2.02682654311 -5.17595142834e-18 69.5453331769 -9.9309219639 1.1451e-08 -4.12439284096e-17 -3.48463309257e-15 -154.182688176 60.1515677511 -1.22551e-08 60.1515697381
1 8.3211670723 -24.6763065851 56.9813597186 58 -27.8534985503 -3.53319256001e-17 38.2106411512 -11.3183559206 1.38187e-08 -3.74893453805e-17 -3.56299183721e-15 -144.030470105 56.9813581275 -1.08634e-08 56.9813595568
1 21.2238411774 -17.2207369432 56.9321803682 59 -63.1751339948 -2.44884914516e-17 -19.4686269817 -17.4029376438 1.38187e-08 -1.41442743886e-16 -3.62534181508e-15 -137.799018629 56.9321785573 1.08634e-08 56.9321801864
1 8.84780123042 -22.0272475353 57.1674229602 60 -42.0109109285 -1.08699269616e-16 52.852749008 -9.38639294577 1.07739e-08 -5.37487783706e-17 -3.66625199833e-15 -142.960026917 57.1674205712 1.17091e-08 57.1674227142
1 7.11617271136 -28.3605701097 58.1753038837 61 2.89365919133 3.03016153626e-17 44.6367660225 -8.55657025906 1.07721e-08 -1.31090662521e-16 -3.40123580474e-15 -160.589150887 58.1753018213 -1.1709e-08 58.1753036451
1 21.6056989075 -28.9481203571 56.4761392493 62 0.253341885008 4.18340463745e-17 -1.25416455307 -10.6612029445 7.0413e-09 -6.71168240828e-17 -3.47686881854e-15 -132.857153964 56.4761374806 -4.3365e-09 56.4761390299
1 16.2135528643 -24.0907885351 56.9134342205 63 -42.3697919085 -9.34860325602e-17 12.1228087832 -2.54764096516 7.0413e-09 -1.0269384268e-16 -3.6929297347e-15 -162.116278927 56.9134318702 4.3365e-09 56.9134340296
1 30.6868301308 -17.5542747666 56.9914231284 64 -10.5611482356 -1.35097251691e-16 20.6005129176 -6.74570957303 8.246e-09 -2.35398587555e-16 -3.40220499414e-15 -168.36560647 56.9914213368 -8.1224e-09 56.991422919
1 15.7080488182 -21.0949706988 60.3126941883 65 -38.1985953516 -1.49611293778e-16 -2.37095681105 -10.5100544076 7.6886e-09 -1.6136844875e-16 -3.49463469768e-15 -166.069793897 60.312691998 -9.139e-09 60.3126939428
1 22.2677155413 -16.6036957891 53.2321833222 66 -52.9119783864 -1.4000264427e-16 -3.24872888863 -5.93623250233 8.2568e-09 -1.4095995105e-16 -3.60819291592e-15 -189.970254838 53.2321820046 8.12e-09 53.2321831458
1 17.9188761779 -12.0820999731 58.5730838563 67 -62.5792640989 -2.38412642098e-16 5.5321895167 -6.20833581318 7.7133e-09 -1.52771763384e-16 -3.63366828963e-15 -161.167152802 58.5730823268 9.1249e-09 58.5730837377
1 20.9622718801 -18.4682367213 53.7113487278 68 -5.81916079439 -2.38532614575e-17 34.2711193413 -16.0921830629 5.0182e-09 -5.58736766683e-17 -3.42087163873e-15 -151.673956315 53.7113471967 -1.14303e-08 53.7113485305
1 20.3889641292 -15.4295822996 54.9146966532 69 -30.6317379245 -2.0956416049e-16 -9.75296294876 -12.6428292554 5.0206e-09 -1.37004524053e-17 -3.62990265089e-15 -145.754062773 54.9146943319 1.14283e-08 54.9146964482
1 25.5178545175 -20.0128300758 58.2208499666 70 -5.87664843271 8.48396213541e-17 -35.929252739 -12.4734824843 5.041e-09 -9.30294554621e-17 -3.63530434792e-15 -180.499630446 58.2208472046 2.9617e-09 58.2208497742
1 15.4767250236 -31.6517584696 57.7925583466 71 -27.712625149 -6.82683621321e-17 40.9184180973 -2.09255865376 5.041e-09 -1.5794624813e-16 -3.43190031007e-15 -166.173576487 57.7925559568 -2.9617e-09 57.7925580041
1 11.7618928518 -26.0658450426 60.1314494111 72 -65.8379714109 -2.50006533168e-17 10.2524635193 -19.0240203243 9.8294e-09 -1.21033941186e-16 -3.57990335171e-15 -118.339082726 60.1314474249 4.073e-09 60.1314492226
1 10.3488831447 -8.18127148165 59.4428576914 73 -36.5569338811 -9.94524921075e-17 46.9474418836 -8.15797229898 9.8294e-09 2.7829447246e-17 -3.58032464902e-15 -185.294086487 59.4428556582 -4.073e-09 59.4428574449
1 2.50488945449 -21.8058615893 56.9955324204 74 -27.7076066114 -1.29547123074e-16 33.0124574874 -9.96767850861 1.37835e-08 -7.46212576701e-17 -3.69575245446e-15 -146.672598986 56.9955310205 5.1279e-09 56.9955322349
1 1716901.0909 1060808.47634 57.2942595346 75 -58.0606110747 -5.78382041167e-17 17.60966064 -1074995.24128 1.37835e-08 -1.42192852611e-16 -3.48422790943e-15 -149.187959467 57.2942576606 -5.1279e-09 57.2942593087
1 17.671809748 -11.5188115016 57.8472268372 76 -39.5251253863 -2.36012354467e-16 -10.7321147427 -7.5636506631 4.6441e-09 -9.07292622822e-17 -3.59949349951e-15 -160.537296798 57.8472242325 1.02452e-08 57.8472266674
1 15.5935743729 -18.9086823755 53.8999714771 77 -39.7192033682 -7.47908628045e-17 29.2468224807 -13.7220341653 4.6417e-09 7.98591023438e-17 -3.52917020287e-15 -158.785988838 53.899970142 -1.02472e-08 53.8999712978
1 4.71990620247 -14.6122127068 59.9533557311 78 -50.9162460535 -1.19788630296e-16 52.2372452441 -6.15220518192 1.13308e-08 -2.7530167327e-17 -3.56891693144e-15 -170.08789477 59.953353485 -3.1451e-09 59.9533554694
1 3.6455001275 -22.0914050902 57.3500230623 79 -53.391105621 -5.33281210072e-17 25.2340273337 -13.2991206559 1.13308e-08 -7.06537822415e-17 -3.49951805847e-15 -165.977403687 57.3500209102 3.1451e-09 57.3500228157
1 587983.886327 -5449096.75842 58.7517351659 80 -44.8110126865 -1.64341521247e-16 41.6707721126 -12492157.7255 1.18412e-08 -2.11196682124e-16 -3.57955454333e-15 -138.926024945 58.7517329319 1.01398e-08 58.7517349375
1 14.8734297586 -30.5668174135 58.6950828137 81 4.60791698109 -4.29500483296e-17 37.5024391956 -4.38666790057 1.18402e-08 -1.45544390163e-16 -3.48827345668e-15 -181.936322831 58.6950805535 -1.01398e-08 58.6950825431
1 7.72511306696 -34.4496990541 50.3962998848 82 -22.0528339016 -1.68516697074e-17 41.438203708 -7.15457580388 9.045e-10 -1.29720865338e-16 -3.40828073939e-15 -152.528942489 50.3962985912 -1.17539e-08 50.3962997196
1 10.7171498262 -18.1596673785 63.8874318934 83 -56.2193770363 -2.12187847211e-16 -18.3268508176 -16.8576048314 9.045e-10 -3.15762427664e-16 -3.65990844432e-15 -137.250125445 63.8874298574 1.17539e-08 63.8874318035
1 -2.67825585537 -19.7266166606 54.7618788019 84 -36.6074480447 -6.72984833855e-17 88.1815045349 -2.17932294112 3.4019e-09 9.2760057634e-17 -3.73505668302e-15 -186.821600604 54.7618772685 -1.23645e-08 54.7618786267
1 11.8021384546 -17.7109228231 61.6037617346 85 -36.1085718999 -3.84752206621e-17 22.8649888646 -6.514367712 3.4019e-09 8.93483235638e-18 -3.67928833419e-15 -175.917758569 61.6037584379 1.23645e-08 61.6037615246
1 27.2134037933 -13.898885311 53.415905566 86 -52.5977840013 -1.29790617557e-16 5.80202911734 -15.2586794477 2.6129e-09 -9.56070814545e-17 -3.47839649137e-15 -170.216386186 53.415904146 -1.15278e-08 53.4159053902
1 10.3676727763 -15.5402217862 61.139808814 87 -50.661615518 -1.79812047141e-16 32.8970482027 -17.7643535083 2.6129e-09 -5.17850108536e-17 -3.59810655843e-15 -132.928770216 61.1398055519 1.15278e-08 61.1398086186
1 16.5453855235 -25.3620857449 50.3745315763 88 -12.0285627574 -7.60206830441e-17 56.6525891983 -9.88398583017 2.0777e-09 -7.08911674145e-17 -3.57414870163e-15 -162.849119989 50.3745303654 -9.616e-09 50.3745314126
1 12.2402151597 -15.3349700019 60.8746433087 89 -36.6083314983 -1.9780186463e-16 2.6001962137 -13.4945387542 2.0777e-09 -4.6092905582e-17 -3.43266826556e-15 -143.178832626 60.8746406545 9.616e-09 60.8746431466
1 18.4072209293 -35.6093848352 55.3123433275 90 -8.47269545076 -5.67404105173e-17 47.9081930494 -8.07740919328 5.3222e-09 -1.42978045108e-17 -3.48648377152e-15 -162.378250726 55.3123420087 -8.3467e-09 55.3123431803
1 22.5767801523 -15.8040587468 55.8202210059 91 -65.4344461868 -1.87657143448e-16 -27.0031549517 -7.92485655765 5.3261e-09 -1.72494580352e-16 -3.69956752164e-15 -184.866710744 55.8202187996 8.3435e-09 55.8202208145
1 2.2303629346 -10.8906108497 56.5736078231 92 -20.8866764525 -9.84272079305e-17 49.2616378512 -16.1418175039 1.12447e-08 -9.17908459949e-18 -3.49004297898e-15 -155.788164765 56.5736061273 -1.39739e-08 56.5736076371
1 8.75662595358 -20.0258101427 56.6120768117 93 -93.1481207614 -2.50625570148e-16 -21.2767382321 -9.19549166354 1.12462e-08 -2.01653220566e-16 -3.59396434029e-15 -169.491616528 56.6120746252 1.3974e-08 56.6120766269
1 17.134431782 -15.08748211 58.8831782203 94 -29.1690977616 -1.34469701616e-16 11.5395350183 -11.0162401598 9.3697e-09 5.35362139023e-18 -3.45498903638e-15 -166.174212631 58.8831762434 -1.39586e-08 58.8831779915
1 15.1631333263 -18.2809512291 59.5852802741 95 -60.9922949199 -1.67878490582e-16 15.4958723251 -16.4896571885 9.3712e-09 -8.96142495304e-17 -3.71858784947e-15 -130.210000165 59.5852777602 1.39586e-08 59.5852800743
1 -1595503.27374 -10574255.3082 58.136618568 96 -65.2161610935 -1.75656851797e-16 31.0678709732 -11546818.4441 1.16126e-08 -1.09374517387e-16 -3.68020071368e-15 -136.393271571 58.1366167021 1.31564e-08 58.1366183712
1 -1.56011614839 -24.1202304089 62.1792020701 97 -23.7669754203 9.59855632724e-17 77.1526540409 -8.31634630147 1.16111e-08 3.75369399766e-17 -3.51501337504e-15 -195.083454897 62.1791997447 -1.31563e-08 62.179201818
1 8.02532231765 -14.0300388692 58.9177789903 98 -89.7439163292 -1.41448102856e-16 -2.14267135306 -8.69148846269 8.9867e-09 -9.96676715732e-17 -3.60247776796e-15 -151.527531492 58.9177764763 1.31312e-08 58.9177788176
1 19.2378455534 -32.9078587282 59.1453313647 99 -33.7526893241 -6.97869389717e-17 23.3898103083 -6.79692936403 8.986e-09 -1.68949629257e-17 -3.60906092121e-15 -187.617207001 59.1453293395 -1.31385e-08 59.1453311468
1 6.96265543768 -25.0616488139 31.3438587637 100 -26.7823190195 -2.70879004359e-17 38.2370973427 -9.81378987515 4.6958e-09 -9.48558378847e-17 -3.60519145267e-15 -199.996902681 49.2018163692 -7.7007e-09 49.2018175436
1 14.9325936662 -19.3949396396 61.5719876958 101 -14.2427101334 3.42602202537e-17 -23.0047613303 -10.3453960389 4.6958e-09 -2.22543419648e-16 -3.65863189491e-15 -165.122243181 74.3617291803 7.7007e-09 61.5719876872
1 11.1154351472 -17.1821410449 56.8177837113 102 -74.5363591466 -1.08882252957e-16 -4.12301601408 -17.7540708534 1.4002e-08 -1.46773302481e-16 -3.66032788451e-15 -150.131267179 56.8177819893 1.27461e-08 56.8177835593
1 9.03818268994 -27.3367526309 57.1740306388 103 -2.92982314271 3.34792598315e-17 82.9096534522 -12.8763461955 1.4002e-08 3.36781390326e-17 -3.67173991457e-15 -163.231662553 57.1740288118 -1.27461e-08 57.1740304318
1 22.2044856779 -24.6209647206 57.7984106394 104 -27.9768950215 -9.66499944792e-17 29.1352747453 -10.8844825968 6.6719e-09 -1.52000028015e-16 -3.29664435422e-15 -142.603645413 57.7984084691 -3.3754e-09 57.7984103678
1 26.3391724208 -21.2295712021 57.6756432098 105 -44.3913687893 -9.04799090921e-17 -19.9237195706 -9.64379538809 6.6719e-09 -1.63180951871e-16 -3.66853244664e-15 -184.711788903 57.6756408619 3.3754e-09 57.6756430041
1 10.239676367 -9.16384713765 59.8444611874 106 -38.7472318872 -1.11314099291e-16 22.7480758785 -10.1075424066 1.38868e-08 -1.70365797774e-16 -3.5407872813e-15 -160.435069195 59.8444590608 -1.44971e-08 59.8444609592
1 11.225787104 -15.7564998832 55.4135405035 107 -80.1230228314 -1.00069202648e-16 19.2775286913 -6.12843819866 1.38868e-08 -2.60471700993e-17 -3.6188304426e-15 -151.967762601 55.4135385535 1.44971e-08 55.4135402979
1 8.85952831117 -13.5902723172 57.6441558378 108 -70.3406238222 -1.44330349736e-16 21.4703000751 -13.5773234929 1.45118e-08 -1.3860425018e-16 -3.64919317356e-15 -134.755113521 57.6441537501 1.38351e-08 57.6441556523
1 3.77958978028 -10.8246873208 61.0510968166 109 -59.3880801503 -7.73281936211e-17 43.4273655999 -6.33023779743 1.45118e-08 -2.81814982537e-17 -3.49954711405e-15 -175.994408537 61.0510945579 -1.38351e-08 61.0510965624
1 26.0070255708 -10.0948727376 55.3274872929 110 -82.9082392714 -1.1674272199e-16 -53.2712884676 -6.28283305572 5.8752e-09 -2.41874350516e-16 -3.61569616415e-15 -185.718328752 55.3274847142 2.9377e-09 55.3274870778
1 5.85605801195 -19.8251442684 60.1705560732 111 -26.5200088468 9.92562871885e-18 26.0916160806 -7.00578832609 5.8752e-09 -6.7921458056e-17 -3.42790135626e-15 -164.241567648 60.1705536598 -2.9377e-09 60.1705557717
1 2.8966271977 -12.2234743453 56.8503187207 112 -103.1032268 -1.59144002792e-16 30.0404425583 -14.2417416662 6.7145e-09 -7.18963796573e-17 -3.58760514755e-15 -155.991863091 56.8503155833 1.45028e-08 56.8503184994
1 4.90220482809 -19.5351410224 56.1312035697 113 -37.4369347783 1.34444554884e-17 51.5663424329 -16.7355259119 6.7145e-09 4.47321199561e-17 -3.49562000585e-15 -160.03457774 56.1312019585 -1.45028e-08 56.1312033691
1 10.5983183294 -20.2175925479 56.3119226754 114 -41.7677464233 -1.21158520185e-16 15.0044927634 -6.88450049257 1.44902e-08 -6.67382320789e-17 -3.63968796675e-15 -164.447250566 56.3119204882 1.19253e-08 56.3119224389
1 19.2535088316 -13.835523156 60.3728108537 115 -87.0483667027 -1.70900911501e-16 3.03613136366 -13.5742638894 1.44902e-08 -7.75223028759e-17 -3.46859385716e-15 -157.101984143 60.3728085884 -1.19253e-08 60.3728106387
1 426735762.859 13491705.0706 58.6193788166 116 -42.7420027337 -9.87121461768e-17 -6.80983268058 -868461907.541 9.246e-09 -1.59516321949e-16 -3.44771001192e-15 -149.156276729 58.6193767881 -1.02913e-08 58.6193785792
1 17.5981382657 -6.0851885208 57.5673092412 117 -88.1572410418 -1.58246817684e-16 -26.302408799 -4.70453364785 8.2001e-09 -2.34234305978e-16 -3.72540541598e-15 -188.759235668 57.567307196 1.00482e-08 57.5673090772
1 14.9428712936 -21.6511675974 49.3966398122 118 -23.5490846688 -8.59776355011e-18 16.1917090282 -8.35983000816 4.371e-10 -1.38268696897e-16 -3.48521385756e-15 -151.268251396 49.3966385917 -1.4039e-08 49.3966396519
1 4.18339790913 -12.1472424334 61.6824407898 119 -52.6282185659 -1.90765185749e-16 38.2703931097 -16.1804090173 4.371e-10 -6.03139034921e-17 -3.68120477288e-15 -139.112180521 61.6824387307 1.4039e-08 61.6824406959
1 17.7173827102 -20.5682063714 57.1622920862 120 -41.2480577415 -1.19340498763e-16 13.1493618185 -5.61364329609 3.8661e-09 -2.11488120004e-16 -3.4912063439e-15 -173.596647901 57.1622902927 -8.3182e-09 57.1622918828
1 14.3679264318 -16.6256599769 58.6809782995 121 -62.4606071431 -1.74446403436e-16 2.72541141208 -2.9081340975 3.8661e-09 -1.47808330486e-16 -3.61707748468e-15 -170.762239624 58.6809759605 8.3182e-09 58.6809781527
1 14.965745073 -14.1432166608 60.3399216455 122 -23.086734104 -5.91696862055e-17 9.33477803105 -11.2323245591 1.03374e-08 -7.69114013714e-17 -3.43828209291e-15 -167.743623449 60.3399192142 -3.1778e-09 60.3399213785
1 18.7291204708 -21.3931884239 56.9684403822 123 -27.0272954363 -1.15083712449e-16 18.5942197157 -16.8392981217 1.03374e-08 -1.27140365894e-16 -3.63964350218e-15 -146.2013452 56.9684380501 3.1778e-09 56.9684401884
1 5.19579300538 -23.0087857087 55.8431612318 124 -31.3909636466 -1.47199637202e-16 54.411448754 -9.03197616855 1.00138e-08 -3.2904799548e-17 -3.44017824273e-15 -166.548642612 55.8431594234 -9.8089e-09 55.8431610149
1 14.8303368703 -8.50835470203 55.7900180332 125 -98.439977257 -3.28694691716e-16 13.4016378863 -16.8761893548 1.00217e-08 -1.20626616051e-16 -3.61732894663e-15 -136.328835159 55.7900154756 9.8085e-09 55.7900178037
1 23.6916146393 -22.4584687122 60.5447738372 126 -50.600378288 1.27108282744e-17 -0.0484486941081 -12.5120171383 8.1437e-09 -9.79221867219e-17 -3.36684297025e-15 -150.570031465 60.5447715801 -1.00193e-08 60.5447736048
1 9.08923374644 -15.3548854767 55.0219165545 127 -81.7096255843 -8.26139589742e-17 12.407101526 -9.4239412596 9.2886e-09 -1.06938384064e-16 -3.78729380439e-15 -166.676188271 55.0219147431 1.03319e-08 55.0219163069
1 3.85424574696 -22.3522002636 60.7425841349 128 -32.7192740509 -5.01962198629e-17 37.0607250081 -9.5559063646 1.09492e-08 -2.36747213199e-17 -3.49960860926e-15 -145.930983176 60.7425818317 -1.04998e-08 60.7425838955
1 11.052860296 -11.4742842045 56.0517133537 129 -57.4583292039 -1.95648226482e-16 10.555698257 -14.589680738 1.09502e-08 -3.64555917822e-17 -3.5621851236e-15 -156.639083197 56.0517112325 1.04998e-08 56.0517131594
1 23.4743587712 -9.34021902326 55.144424456 130 -69.6074802099 -1.62032113159e-16 -6.21968215899 -7.05711189582 9.2413e-09 -1.6588214488e-16 -3.73604604464e-15 -171.255339519 69.2157115415 8.0463e-09 55.144424469
1 6.6491728366 -27.5845519756 36.1845363515 131 -28.4426890769 1.23660029171e-16 21.7167157356 -10.5548852369 9.233e-09 -1.12536316753e-16 -3.35426452469e-15 -177.29063282 54.1877292251 -8.0467e-09 54.1877307381
1 14.5525289661 -1.22455883043 60.084267513 132 -77.9658076252 -1.74158433653e-16 -22.6242200183 -17.7943776372 5.3754e-09 -5.75819124025e-17 -3.65817175712e-15 -143.452350205 60.084264192 9.5217e-09 60.0842673126
1 -5357702.95393 6550901.66368 54.2010124595 133 -45.7202765786 -1.82061841075e-16 29.6234014002 9935202.2613 5.3691e-09 -1.07461901074e-16 -3.50983077597e-15 -172.829891292 54.2010109616 -9.5268e-09 54.2010122697
1 8.82940498869 -17.6189743793 56.7909948751 134 -44.1206339365 -6.8271434883e-17 20.6423363319 -10.3240541377 6.2026e-09 -5.3291178142e-17 -3.34760465493e-15 -145.787374981 56.7909930727 -8.0642e-09 56.7909946699
1 -2463312.15047 -1429616.17289 57.920789948 135 -65.5238016882 -2.02552606132e-16 -13.5945254808 -3918507.23133 6.2101e-09 -8.33238825151e-17 -3.62091641986e-15 -148.672408824 57.9207879281 8.059e-09 57.920789828
1 13.2732671459 -14.4411624139 59.2601160521 136 -18.0933992631 -2.09626907856e-17 26.7026822835 -10.7562110226 1.44783e-08 -2.39104698314e-16 -3.57093370961e-15 -150.648890378 59.2601139028 -4.1031e-09 59.2601157949
1 9.52122278496 -13.8681057192 57.2935706603 137 -49.2282730644 -2.2371832246e-16 -10.9077754583 -13.9074277821 1.44783e-08 -1.46724233437e-16 -3.66185808739e-15 -160.553327976 57.2935688873 4.1031e-09 57.2935704677
1 15.7794150429 -25.5149931994 58.7812129626 138 4.54954965805 4.98489499126e-17 17.6482044669 -5.01327089886 8.5563e-09 -1.27479610091e-16 -3.57173896823e-15 -166.330591442 58.7812108539 -5.7917e-09 58.7812127041
1 14.8684813857 -17.8198308791 59.4160840029 139 -48.7559831527 -2.18448595815e-16 -17.8869553472 -8.0574167573 8.5563e-09 -1.78448590715e-16 -3.62434489189e-15 -186.768719074 59.4160812427 5.7917e-09 59.4160838065
1 8.9368420146 -8.81635880744 51.322288687 140 -38.2578303886 -7.599397794e-18 31.1071195909 -12.5660022246 1.0621e-09 -6.73409877065e-17 -3.51680455807e-15 -141.589326306 51.3222874379 -1.45845e-08 51.3222885482
1 7.1891343962 -14.4646151383 62.3981134331 141 -40.1815468394 -1.61025998305e-16 9.93623007792 -18.3222358727 1.0621e-09 -6.96922180164e-17 -3.52694108998e-15 -132.06643898 62.3981110955 1.45845e-08 62.3981133251
1 16.7894384936 -26.0715244463 47.3725683673 142 -25.5556750862 -4.88187894223e-17 29.9201922976 -19.493556738 3.195e-10 -1.96297975342e-16 -3.50247445486e-15 -138.550443905 47.3725674532 -8.7173e-09 47.3725681989
1 6.03754420719 -22.4695363717 62.4765751758 143 -58.5468507412 -1.41562752008e-16 1.68951017272 -19.6930220955 3.195e-10 -2.10031033912e-16 -3.60008224977e-15 -166.96002183 62.4765725949 8.7173e-09 62.476574961
1 5.77810703177 -23.5826630293 60.1245914751 144 -18.6491705302 -5.14616362517e-17 44.5783212594 -6.40930081129 9.5121e-09 -2.05532345685e-17 -3.59383636132e-15 -180.488182219 60.1245892645 -6.175e-09 60.1245912322
1 19.8847282996 -8.41638854107 56.0859404255 145 -66.2204399022 -1.10593400203e-16 3.99624046964 -1.65343899557 9.5121e-09 -1.26818045442e-16 -3.68700104371e-15 -177.181578313 56.0859383392 6.175e-09 56.0859402266
1 4.56429338079 -18.2878831785 58.3721743779 146 -34.5332683187 -1.39480586531e-16 25.1110172174 -1.11084978569 4.6412e-09 -2.29865049627e-17 -3.54203358204e-15 -186.645956521 58.3721724816 -6.581e-09 58.3721741597
1 22.9342292205 -7.04487498308 58.5612001283 147 -52.3270610009 -9.38509950344e-17 -7.27459021331 -2.05386587856 4.6412e-09 -1.15408169146e-16 -3.6343499712e-15 -158.539434763 58.5611977297 6.581e-09 58.5611999453
1 20.5245896131 -14.4683422402 58.2858516691 148 -61.00023596 -2.02929125188e-16 -6.45380564583 -12.9779811835 4.5702e-09 -2.2814717511e-16 -3.64237027051e-15 -157.078420564 58.2858489134 4.7944e-09 58.2858514406
1 -2.00459965289 -23.5591334202 59.6498433801 149 -52.2215655625 -9.75331312082e-17 20.3672331182 -5.66544426159 4.5702e-09 -1.35710152498e-16 -3.47079366387e-15 -166.28451192 59.6498408887 -4.7944e-09 59.6498430799
1 11.5929812534 -22.4336282261 51.6583688302 150 -56.1067360369 -1.22566977227e-16 21.953684246 -16.4688190666 8.42e-10 -1.73636142185e-16 -3.47604427628e-15 -127.354194214 51.6583677787 -1.0495e-08 51.6583686983
1 8.64551076243 -24.2975367584 60.3194825368 151 -32.8556407289 -1.47195687965e-16 20.2242736527 -19.2701263973 8.42e-10 -5.41191019743e-17 -3.4708119442e-15 -132.427261574 60.3194799276 1.0495e-08 60.3194823583
1 1.28033794492 -11.4612095878 56.5998279851 152 -85.6553267556 -1.99620512766e-16 32.4787046213 -11.9868951163 1.4514e-08 -4.87898298147e-17 -3.47812445709e-15 -139.193487532 56.5998255429 8.0368e-09 56.5998277533
1 20.2332827212 -7.36598062415 55.9563653025 153 -50.3611412319 -1.39785446399e-16 25.2665079489 -15.8432239953 1.4514e-08 -1.73363428636e-16 -3.47727463046e-15 -153.607869456 55.9563634869 -8.0368e-09 55.9563650808
1 14.1869183951 -3.06197143981 56.8251497806 154 -54.8193965954 -1.67443091526e-16 52.5003576309 -14.7526226424 1.08417e-08 5.69776832336e-17 -3.72683973174e-15 -151.694165086 70.7281874714 7.432e-09 56.8251497468
1 12.4134996185 -15.6887050214 27.9337264155 155 -24.8145551192 7.08497769286e-18 -30.5310337743 -20.9301129745 1.08406e-08 -8.8152308985e-17 -3.29831281961e-15 -136.568721145 45.1743335234 -7.4321e-09 45.1743338986
1 15.0483894663 -22.2352378867 58.864449319 156 -59.0932242671 -1.09833623717e-16 -16.7019093703 -6.22581784637 7.7856e-09 -1.31903647703e-16 -3.57433792678e-15 -189.439793741 58.8644467675 6.251e-09 58.8644491482
1 17.8202938233 -27.4483126025 58.1342885356 157 -14.1594185742 4.37355586908e-18 9.13175657918 -15.3823722831 7.7853e-09 -1.21465433441e-16 -3.32293101521e-15 -130.411376619 58.1342864036 -6.2512e-09 58.1342882945
1 11.0256477522 -33.1220425807 58.3936971538 158 -2.15427248249 1.5969748027e-17 17.8725922745 -8.17784672617 1.02603e-08 -8.74704860998e-17 -3.45768830425e-15 -173.726784715 58.3936949616 -5.2706e-09 58.3936968799
1 12.4391902124 -13.0645835039 59.5849633297 159 -58.41924676 -2.45832262211e-16 -10.4708796761 -5.92548625286 1.02603e-08 -7.56003273362e-17 -3.67073746957e-15 -156.694364166 59.5849613053 5.2706e-09 59.5849631764
1 7.77009665332 -13.5860525847 56.6939883535 160 -59.20493572 -2.01671427274e-16 28.0906398193 -3.76911512419 1.31184e-08 -1.35936593208e-16 -3.44875280748e-15 -197.440795506 56.6939863864 -1.25904e-08 56.6939881259
1 15.1132321816 -15.1311160623 55.6501145236 161 -73.3262219558 -1.44417320605e-16 -14.6595562912 -12.1547482767 1.31184e-08 -1.45927073227e-16 -3.69944412277e-15 -152.192435135 55.6501127995 1.25904e-08 55.6501143194
1 21.4113508964 -16.5436091988 64.3411333662 162 -58.5968400431 4.18655909411e-17 -20.2431111517 -14.5363548646 9.798e-09 -1.25602384467e-16 -3.66356396409e-15 -148.055702846 77.0558534484 7.1252e-09 64.3411333505
1 5701395.8667 2751333.19225 31.5924831004 163 14.088216543 1.00011651802e-16 4.28018803988 306969.960353 9.7969e-09 -9.26864972373e-17 -3.5116520564e-15 -182.980977927 49.401672884 -7.1252e-09 49.4016739984
1 12.0988149067 -17.3051078922 60.2285494716 164 -32.8798104808 -2.7621228576e-17 16.6388911256 -11.201589223 7.6007e-09 -1.42433662737e-16 -3.70639995689e-15 -158.212045642 73.3999578645 7.2249e-09 60.2285494916
1 13.1509085178 -22.1772609673 39.5830464394 165 6.46049462551 -1.20030175716e-16 -25.176164017 -11.124026108 7.5968e-09 -1.63852295417e-16 -3.41846400943e-15 -183.983586131 59.372022055 -7.2271e-09 59.3720240574
1 1.6393864409 -19.6705697675 58.4717387532 166 -40.8844757175 -2.02931010079e-18 34.0897066371 -11.8393023217 3.976e-09 -1.27894630485e-16 -3.35734672594e-15 -161.333790926 58.4717369276 -6.2448e-09 58.471738558
1 19.2759516063 -12.6725191482 54.8435242314 167 -52.5858571747 -9.04238906909e-17 -32.3892256764 -15.632526704 3.976e-09 -1.42147772547e-16 -3.74531514183e-15 -181.774772619 54.843522688 6.2448e-09 54.8435240502
1 17.6289262436 -26.7963811474 57.74556908 168 -18.2884816205 6.62443018949e-17 27.2877492241 -11.3632158378 8.3264e-09 -3.51171047488e-17 -3.53476355401e-15 -158.772260764 57.7455672438 -2.8447e-09 57.7455688717
1 15.9078319964 -21.8665561734 58.4193349858 169 -63.4748392717 -2.23976068082e-16 6.6963090008 -8.89131202981 8.3264e-09 -1.36655523043e-16 -3.68868861638e-15 -169.524890877 58.4193323084 2.8447e-09 58.4193347501
1 11.6722705562 -17.4038191471 57.524187885 170 -45.2287393728 -1.96393689738e-16 -23.0775766563 -6.36696814556 7.5596e-09 -7.42293566091e-17 -3.75564207092e-15 -192.382350848 57.5241857616 1.08862e-08 57.5241877091
1 1768114.34321 2139320.86193 61.7160989992 171 -2.13720847253 7.53749406248e-17 61.1831113726 -482455.078495 1.40398e-08 -8.70828574855e-17 -3.39175517985e-15 -210.525823433 61.7160963268 -3.2346e-09 61.716098701
1 6.84593176913 -21.7992958183 57.7524049818 172 -40.3121593715 -8.56443830337e-17 41.3397899727 -12.3559360134 1.40398e-08 -2.04742022009e-16 -3.64427431188e-15 -152.550165853 57.7524031884 3.2346e-09 57.7524047637
1 25.4062764204 -7.05371437307 58.4971904619 173 -24.24064611 5.97875934326e-17 -43.5119248892 -10.4863967631 6.5375e-09 -1.78203707148e-16 -3.71633332843e-15 -190.705936415 71.789136026 7.2249e-09 58.4971904899
1 13.8026934565 -40.0729650069 28.8921673297 174 -4.84076641728 -4.91112604071e-18 15.901083961 -13.4112208806 6.5336e-09 -1.73296253534e-16 -3.43619601154e-15 -166.576527549 45.9864216846 -7.2271e-09 45.9864226478
1 10.7857346562 -17.767310732 51.3390513753 175 -15.0904762605 -2.37123111302e-17 55.0627818458 -20.5450834014 1.7118e-09 -7.50697578291e-17 -3.489015387e-15 -139.697028989 51.3390503004 -1.19781e-08 51.3390512265
1 17.585714163 -19.7114671649 61.5245609569 176 -60.3391768015 -6.83971409724e-17 2.92539127631 -5.14676108541 1.7118e-09 -3.24742142229e-17 -3.51310611274e-15 -160.103900736 61.5245574778 1.19781e-08 61.5245607798
1 -11281456.2915 4585599.68519 57.7632229232 177 -75.3239527026 -1.00177916602e-16 -5.94133594292 -57769026.486 8.4375e-09 -2.11519053486e-16 -3.65900478458e-15 -161.829588556 57.7632212212 1.46286e-08 57.7632227885
1 1.29318582535 -14.6158774416 54.1658122197 178 -33.7807077235 -4.66168559157e-17 26.1487655944 -16.9177786485 8.4375e-09 -8.799428978e-17 -3.5810082789e-15 -175.91772182 54.1658105983 -1.46286e-08 54.1658120123
1 13.6777994805 -12.1185210299 58.7497689502 179 -47.2403723537 -1.96621772476e-16 19.688157746 -12.1039205809 7.9511e-09 -1.16561530001e-16 -3.76454595888e-15 -176.049198616 58.7497667406 1.17063e-08 58.7497687507
1 23.3045325129 -22.1254419424 56.3682103049 180 -17.2936880187 -1.51655380198e-16 -30.2964243653 -13.8803343357 6.2185e-09 -1.96445926563e-16 -3.72283352372e-15 -178.527994415 56.3682079898 9.8688e-09 56.3682100512
1 9.94135437294 -13.1495699835 57.3143246435 181 -45.5144199028 -2.18494171211e-17 33.9220769632 -7.58937847146 6.1982e-09 -6.82520448084e-17 -3.53474737816e-15 -187.322665834 57.3143229095 -9.8856e-09 57.3143244431
1 6.86988351786 -21.544177827 55.6051299236 182 -45.2815844143 -6.08102886676e-17 39.8075281475 -18.8594441489 1.21875e-08 -1.2982333992e-17 -3.58639530977e-15 -130.776775549 55.6051283216 1.4644e-08 55.6051297092
1 8.0032503564 -11.9865805851 60.057475173 183 -46.203491369 -1.77271881246e-16 41.1761536266 -10.8706912403 1.21875e-08 -1.5322529358e-16 -3.60265440266e-15 -176.115061057 60.0574728675 -1.4644e-08 60.0574749139
1 5398680.98995 1951615.14369 58.8261750178 184 -42.0304072981 -1.78553422907e-16 29.8450310207 -2085679.21128 1.09191e-08 -1.02234481975e-16 -3.5220164519e-15 -169.646199906 58.8261728983 -8.4226e-09 58.8261747671
1 18.2315140225 -18.9646790839 56.5309386617 185 -39.2438657868 -1.68522384674e-16 12.2395756569 -8.06992843124 1.09208e-08 -9.97036599588e-17 -3.56742194353e-15 -170.510257767 56.5309364974 8.4225e-09 56.5309384629
1 10.3785208235 -11.4986559412 52.7603530356 186 -53.8348867115 -9.74632122678e-17 41.48882295 -16.5115373854 2.8125e-09 -1.15560910741e-16 -3.56430137539e-15 -143.040173813 52.7603518064 -1.46516e-08 52.7603528871
1 4.2725367134 -14.8771312462 61.7311873032 187 -45.9274106803 -1.28753237425e-16 16.1589599856 -13.6909885837 2.8125e-09 -8.12912919242e-17 -3.49030858765e-15 -152.286982847 61.7311849224 1.46516e-08 61.7311871726
1 14.9544312529 -12.4386520968 57.3373603522 188 -63.8808591339 -1.63823975218e-16 0.173246242214 -19.977527762 6.7297e-09 -1.62424624142e-16 -3.68473474092e-15 -128.893812517 57.3373583888 9.0639e-09 57.3373601817
1 15.0600079055 -28.4084822905 57.8394513837 189 -15.0029817033 -2.22718908277e-17 34.6529384377 -10.6354136412 6.7083e-09 -3.0263936807e-17 -3.44576553853e-15 -150.519259645 57.8394496367 -9.0808e-09 57.8394512241
1 -2.0944031255 -27.4087742127 48.365572172 190 -9.58404360064 -3.72876080079e-17 73.9008727314 -1.19458524153 8.511e-10 -7.05706766543e-18 -3.52275716734e-15 -159.845545625 48.3655711956 -8.9409e-09 48.3655720142
1 10.9691889829 -25.4471204593 62.4323363042 191 -55.2751354835 -1.10817880982e-16 13.5718203828 -14.4851581581 8.511e-10 -3.57242619474e-17 -3.55081069488e-15 -168.643465894 62.4323335246 8.9409e-09 62.4323361272
1 4.52798674569 -14.614039272 57.9029206011 192 -37.7783979783 -1.41500023397e-16 7.5090076472 -15.0368476692 6.5557e-09 -1.22968730651e-16 -3.56734211657e-15 -159.804323137 57.9029176158 1.25809e-08 57.9029203586
1 2.88462733982 -14.7275510474 58.9041219036 193 -51.5168866584 -1.54066323399e-16 8.3864944324 -14.9631917427 7.4137e-09 -1.70853460813e-16 -3.65780328529e-15 -141.89635341 58.9041192243 1.25649e-08 58.9041216621
1 7.73409987243 -21.3916485098 55.4420844144 194 -44.100993195 -6.16004253354e-17 21.3803198291 -8.8795143057 7.3872e-09 6.11098194979e-17 -3.60115741916e-15 -163.921987992 55.4420823975 -1.25516e-08 55.4420840879
1 -995224.391482 -788067.602543 54.5805368262 195 -29.4522498173 -5.06668184231e-17 28.9364269589 -3458081.79036 6.5285e-09 5.06717239106e-19 -3.58290003386e-15 -154.103102891 54.5805356512 -1.25602e-08 54.5805366692
1 7.06505644752 -29.5122871625 48.4660685196 196 -34.0861129007 -3.90680465873e-17 30.5015651238 -8.87840046361 8.273e-10 -1.17196578004e-16 -3.47777612908e-15 -184.592073778 48.4660672942 -9.5178e-09 48.4660683318
1 5.63618951298 -16.3786084507 61.6513194758 197 -94.5896166324 -2.22825784155e-16 3.11847035659 -10.8349895655 8.273e-10 -1.32529657366e-16 -3.63420865497e-15 -172.644369514 61.6513165634 9.5178e-09 61.6513192954
1 1405130.12082 -1276383.40856 52.8055176792 198 -49.2960961944 -6.24600512923e-17 35.7502916882 10209774.4409 3.5228e-09 -1.5642738055e-16 -3.475467028e-15 -149.655268494 52.8055160197 -1.41094e-08 52.8055174715
1 4.95274556632 -16.0049333627 56.101796614 199 -66.9246959836 -2.91516347297e-16 8.7466632714 -17.2476993154 3.5228e-09 -7.51971525805e-17 -3.61037524405e-15 -178.72505424 56.1017939129 1.41094e-08 56.1017963812
1 8.73119763 -29.1758321911 59.914384921 200 -24.4666088164 -4.37545807976e-18 37.885158615 -17.2767703464 7.4831e-09 4.0081709103e-18 -3.52972128391e-15 -146.149074413 59.9143824304 -1.08363e-08 59.914384576
1 16.9877108065 -22.8200656856 55.321127942 201 -33.5177468024 1.09539677354e-18 42.3625623398 -17.7760231136 7.8893e-09 6.76886088242e-17 -3.52369155105e-15 -121.894244019 55.3211265287 -1.1652e-08 55.32112774
1 4.18097053024 -12.8595592882 56.0528676519 202 -53.7316404448 -1.05162740873e-16 41.824145934 -13.4662937159 1.31331e-08 -7.26614665423e-17 -3.60538213257e-15 -144.283633625 56.0528657231 3.1061e-09 56.0528674336
1 2420120.89542 6171590.17545 59.0324122779 203 -21.3151594671 -7.02066565115e-17 39.0330869907 -3569124.76892 1.31331e-08 -1.36836174257e-16 -3.57234910331e-15 -168.275821809 59.0324103677 -3.1061e-09 59.0324120539
1 12.6202066569 -34.0162148433 52.4675430909 204 7.16875933246 6.61047063942e-17 82.372298334 -9.56390414892 3.0801e-09 -2.14882537635e-17 -3.5616141986e-15 -158.763207445 52.467541619 -1.33021e-08 52.4675429001
1 15.442487981 -17.4486959055 59.2280512326 205 -45.1090772774 -2.02227451634e-16 8.89728145929 -17.5087816262 3.0801e-09 6.68756906678e-17 -3.5333238055e-15 -172.546666163 59.2280483293 1.33021e-08 59.2280510007
1 14.3589061961 -22.7002251926 57.5455826425 206 -70.3947021207 -1.41082328105e-16 -12.6829808702 -8.70461434229 9.9587e-09 -2.68345051039e-16 -3.74217203079e-15 -165.238062186 57.5455805473 8.8194e-09 57.5455824378
1 7.4063345014 -25.1632008534 57.8610302671 207 -40.5813256686 -1.70707483042e-17 39.6092399851 -4.67250339761 9.9498e-09 -2.07678172576e-16 -3.3202252344e-15 -180.004266389 57.8610279768 -8.8199e-09 57.8610300179
1 5.74625346345 -9.15330596281 61.6530911416 208 -40.9806411425 -1.51129173013e-16 22.612147088 -17.4256002045 3.581e-10 -1.67920670846e-16 -3.58399233381e-15 -180.800100122 61.6530881844 1.25873e-08 61.6530909995
1 4.03526250666 -29.5392618746 50.7445924341 209 -23.8789178766 -3.50873786784e-17 24.8179678788 -11.7596226501 3.581e-10 -6.03737425502e-17 -3.33737917538e-15 -144.153184788 50.7445909389 -1.25873e-08 50.7445922486
1 18.1406588919 -21.129371253 49.1989313709 210 -40.4645652637 -1.03787372747e-16 37.0172024498 -19.0248689038 2.957e-10 -1.72180953911e-16 -3.52824465742e-15 -140.404387895 49.1989302588 -1.00236e-08 49.1989312294
1 7.35787271216 -6.40321385919 63.4217984381 211 -23.6295445641 -2.68375781002e-17 31.2810305048 -24.7764324311 2.957e-10 -2.141005127e-17 -3.34997109321e-15 -121.069258756 63.4217952819 1.00236e-08 63.4217982471
1 -1318853.13341 -1376.06591261 58.4547392858 212 -95.9861778708 -9.74082679737e-17 8.70419029024 -1680749.39363 1.25093e-08 -1.06161982174e-16 -3.62647493456e-15 -150.247795536 58.4547371404 1.18361e-08 58.454739132
1 8207794.43513 170019.528276 56.8488135634 213 -88.6505019493 -6.47868832956e-17 -15.3385443751 -2324802.21576 1.27214e-08 -5.39491943179e-17 -3.60606894448e-15 -164.511173291 56.8488107072 1.093e-08 56.8488133584
1 14169503.2556 -428543.042376 57.1440588426 214 -44.0225934905 1.29284171604e-17 16.0111007994 -4179301.11644 1.25089e-08 -1.80849832452e-16 -3.4128416504e-15 -197.006136667 57.1440568306 -1.18361e-08 57.1440586139
1 20.052168459 -22.4192888823 60.2685898976 215 -17.3081118543 -1.76946865124e-17 15.3170339478 -19.457019216 1.2721e-08 -2.70546076913e-16 -3.56872858803e-15 -140.302862802 60.2685877773 -1.093e-08 60.2685896515
1 14.6336379894 -36.9656932447 59.0883961778 216 -3.6350843624 1.35722068861e-17 39.6180342604 -14.4044305103 6.5179e-09 3.07735579468e-17 -3.51995970321e-15 -142.244969907 59.0883940447 -1.07608e-08 59.0883959697
1 15.1843486538 -24.00121538 55.1621936812 217 -21.1624261395 -1.74856151332e-18 40.8984927965 -10.8407236867 6.0654e-09 -1.6852490497e-16 -3.42200011409e-15 -161.417398131 55.162191918 -1.15851e-08 55.1621934731
1 19.1637714994 -12.2439953427 58.5768170924 218 -62.2085352998 -2.4865918535e-16 -15.7763119202 -12.9393802078 6.0949e-09 -2.31391132501e-16 -3.7183573423e-15 -176.48763375 58.576814598 1.16038e-08 58.576816937
1 9.30550265116 -1.37032727996 55.8745360747 219 -70.3598534217 -2.19930581597e-16 16.7726436309 -12.0343664147 6.5615e-09 -9.16325190185e-17 -3.51964612334e-15 -156.647312022 55.8745335667 1.07678e-08 55.8745358896
1 9.62079906168 -22.7103257814 50.1911338925 220 -26.3540387605 -7.25702207977e-17 64.7093761968 -12.2577433943 1.3737e-09 -1.45420034665e-16 -3.47683273674e-15 -146.020107378 50.1911328563 -9.9892e-09 50.1911337489
1 5.59210908971 -15.1252845783 59.7059834225 221 -28.1624026428 -1.40415198089e-16 17.3995926529 -15.6484667819 1.3737e-09 -1.39890082096e-16 -3.55463651705e-15 -143.108408493 59.7059806065 9.9892e-09 59.7059832154
1 14.2023875508 -29.3910871398 61.1744508661 222 -17.0374809832 -4.86876632991e-17 53.0127205739 -12.9780092849 7.652e-09 1.36761926801e-16 -3.62364280439e-15 -164.91227474 61.1744486668 -1.41315e-08 61.1744506268
1 12.5937282009 -15.413209792 57.126261397 223 -70.7617466863 -1.55498254599e-16 -0.474709065142 -9.73349855874 7.652e-09 -1.64044123735e-16 -3.57275118742e-15 -155.72998256 57.1262592194 1.41315e-08 57.1262611832
1 19.4002707772 -27.6973149168 59.088137783 224 -22.3249949946 -8.97306424913e-17 20.5156580956 -14.2163809658 7.8933e-09 -6.65667840253e-17 -3.58770987303e-15 -147.055979073 59.0881357992 -1.33114e-08 59.0881375718
1 3.39985828008 -11.0106436549 55.77430857 225 -56.9422408879 -1.41318648825e-16 32.9561869812 -11.1594312909 7.8926e-09 -1.26869223145e-16 -3.72445956332e-15 -173.281638575 55.7743058788 1.33041e-08 55.7743083044
1 9.82482566812 -17.8051414713 55.1878179043 226 -76.6825948754 -1.7725977318e-16 22.1238926471 -7.04708310217 1.29493e-08 -3.2351440569e-17 -3.67275921118e-15 -151.754159087 55.1878159319 1.4141e-08 55.1878176827
1 11.4534477621 -9.21832580129 58.5198415755 227 -37.0499941538 -6.26890893706e-17 23.0257732379 -10.3757489416 1.29493e-08 -1.85822117345e-16 -3.61594009819e-15 -160.181482847 58.5198395808 -1.4141e-08 58.5198413582
1 16.4740731789 -17.1296792791 54.6448329869 228 -85.9712862613 -2.3091370732e-16 5.74655225534 -15.741124519 1.26907e-08 -1.25875742679e-16 -3.66016298231e-15 -135.94386537 54.6448309789 1.33234e-08 54.6448327662
1 11.0467830377 -8.14535829968 57.7867341578 229 -53.9806392007 -2.25243320359e-16 34.5483458971 -17.9975026855 1.26907e-08 -2.07104911306e-16 -3.47023468519e-15 -136.800523591 57.7867322254 -1.33234e-08 57.7867339658
1 7.25874147652 -29.4826353069 14.4362286944 230 -50.6968866324 -9.08190964709e-17 26.5517647018 -13.180214536 1.159e-10 -1.17244228928e-16 -3.53553821544e-15 -145.91741601 37.1909683071 -7.9535e-09 37.1909681124
1 9.16285385276 -20.5828287134 63.4010682048 231 -60.3329233942 -1.38098156032e-16 -8.50069674921 -17.2468546669 1.159e-10 -1.33629889339e-16 -3.57027152688e-15 -162.640609042 92.8050304922 7.9535e-09 63.4010674933
1 12.4300638594 -23.2934186379 53.2557348216 232 -7.14679646873 -7.47665099464e-17 77.7016257487 -11.3976135846 2.1819e-09 1.36337619728e-17 -3.51115022056e-15 -134.830510071 53.2557336328 -1.34288e-08 53.2557346474
1 -4.15566288954 -13.5250593263 59.3749394577 233 -18.0989379695 -1.93504398013e-16 32.1528291952 -15.5088737999 2.1819e-09 -1.50648340084e-16 -3.61849620035e-15 -143.642438141 59.374936356 1.34288e-08 59.3749392092
1 9.48454315213 -6.31422093576 52.5081342396 234 -53.8140548563 -1.13910424952e-16 15.7799629013 -14.6379111634 1.9996e-09 -1.81822672867e-16 -3.46763408455e-15 -139.397871316 52.5081331186 -1.42361e-08 52.5081340991
1 2.5283234709 -21.7278438066 63.064358546 235 -65.4623247786 -3.55072034045e-16 15.3260718873 -17.9005955432 1.9996e-09 -1.66337236437e-16 -3.69428318995e-15 -148.833170447 63.064355494 1.42361e-08 63.0643583698
1 9.12592802771 -24.6006130971 70.7563703708 236 -67.1635665573 -1.44281807405e-16 42.1169272263 -7.40005813465 4.033e-10 -1.03586004156e-16 -3.55036776166e-15 -203.008054762 58.1791953318 -1.304e-09 83.8682895182
1 18.0124031068 -15.4020830944 54.7362057668 237 -70.6838874401 -1.40955469466e-16 25.3364044353 -10.7711298803 4.033e-10 -6.01345117032e-17 -3.52031520683e-15 -189.811925714 68.1964381161 7.296e-09 54.7362048297
1 -7.64884746552 -9.22776476982 66.3470269488 238 -24.0068772189 -1.20115839989e-16 29.8750918912 -22.5532505579 4.033e-10 -1.81021864795e-16 -3.5784396026e-15 -29.2744131622 33.7784344526 1.304e-09 30.2087004811
1 7.72202189296 -32.8673593745 32.6503574149 239 -56.5894995773 -1.28468039641e-16 26.0433042889 -15.0786681221 4.033e-10 -1.34975397762e-16 -3.57332935032e-15 -52.3460194091 42.9349714229 -7.296e-09 42.9349727883
1 7.72152530251 -27.032822474 83.3824619146 240 -55.6015154979 -1.22656519503e-16 21.6984610597 -16.5085005356 2.017e-10 -5.1770932329e-17 -3.56302757538e-15 -180.785523422 63.9950797019 -1.6088e-09 81.1969267975
1 11.8806707203 -17.3486677957 67.2082097392 241 -32.4908892334 -2.27248856144e-16 -18.3953213043 -34.0078757928 2.017e-10 -9.88980720389e-17 -3.58305348811e-15 -77.1589772488 72.5612081105 6.9912e-09 67.208206663
1 17.0340761966 -24.8485809213 57.7823237066 242 -24.6021752768 -1.59294261982e-16 11.8299298024 -18.0538814914 2.017e-10 -7.63494382423e-17 -3.53574520847e-15 -16.5326245767 32.9976785408 1.6088e-09 27.1499038248
1 -6.32156487291 -31.0868518763 31.6538947962 243 -49.9480284915 -1.39697347333e-16 28.0325198592 -9.35880290954 2.017e-10 -1.06883749567e-16 -3.54356469356e-15 -88.5923053937 41.9704787612 -6.9912e-09 41.9704794518
1 8.73401775617 -22.6906860024 60.8873903655 244 -28.093150342 -1.69158546631e-16 18.2033651948 -18.396695829 7.952e-10 -9.21635140779e-17 -3.55835526439e-15 -130.479015323 60.887387767 1.32033e-08 60.8873902007
1 14.0943143363 -11.8594074905 50.3587293478 245 -37.8951932811 -8.50806560331e-17 67.6800331585 -10.6182300328 7.952e-10 -2.5132294479e-17 -3.46788241307e-15 -150.483486105 50.3587280761 -1.32033e-08 50.3587291729
1 9.90448413138 -21.6356730443 61.7150776156 246 -17.3887422549 -7.17905125183e-17 11.2979432543 -4.49694399404 7.432e-09 -1.50775538949e-16 -3.61944170212e-15 -176.461361559 61.715075384 -2.698e-09 61.7150773741
1 20.0636073766 -15.3930466932 56.0302180172 247 -59.6930068645 -1.32194546939e-16 20.9473819051 -2.0923102677 7.432e-09 -6.81160628577e-17 -3.64042401508e-15 -136.161704193 56.0302160648 2.698e-09 56.0302178446
1 13.0952983939 9.58367474541 59.2498316335 248 -70.083860154 -9.33031435722e-17 29.8907216016 -18.9242917788 2.017e-10 -1.11504571971e-16 -3.50836138405e-15 -45.4916868682 59.2498351577 5.2143e-09 59.2498322625
1 4.527493313 -25.8217873418 53.9429584552 249 -80.7439502472 -1.04475370118e-16 23.6777496451 -16.2583949623 2.017e-10 -1.38917204067e-16 -3.55213120397e-15 -80.3386101287 53.9429568346 -3.3857e-09 53.9429589101
1 7.97948272872 -22.1910210144 49.9443940531 250 -63.9201475099 -1.71670161576e-16 45.2151164137 -14.7915618353 2.017e-10 -1.16164534722e-16 -3.50464388366e-15 -152.074743493 49.9443874287 6.1286e-09 49.9443943887
1 6.76888560609 -26.7111493548 52.0643704316 251 -51.6072397028 -1.57150103621e-16 38.556788464 -11.7538400403 2.017e-10 -7.10229975672e-17 -3.54653360866e-15 -189.264878701 52.0643669874 -2.4714e-09 52.0643701413
1 4.8461293589 -27.8479105958 46.606157692 252 -66.1181996245 -1.19632541285e-16 -10.8712002672 -19.9144857203 2.017e-10 -9.07489881286e-17 -3.55874294425e-15 -166.944453689 46.6061594846 -4.3e-09 46.6061580845
1 14.5747406089 -4.90565394788 52.0121421862 253 -45.6531300168 -8.75826316354e-17 30.5377882735 -28.2434513302 2.017e-10 -1.44339029099e-16 -3.52159816181e-15 -70.3774439516 52.0121317581 4.3e-09 52.0121394092
1 16.5215369859 -25.6950788282 68.5979860596 254 -43.6971043656 -1.37592201032e-16 17.3446865664 -19.8386380424 2.017e-10 -1.10381662371e-16 -3.55328679699e-15 -9.1150227451 68.5979807908 3.3857e-09 68.597985064
1 4.14951016619 -27.2139510827 45.0192605795 255 -55.4383938474 -1.83829596851e-16 12.3724343533 -13.5110040205 2.017e-10 -1.2778311472e-16 -3.55695418399e-15 -116.342245109 45.0192624902 -6.1286e-09 45.019260794
1 2.53635722753 -26.6063659589 49.9063121953 256 -47.489336457 -1.1546306706e-16 21.3440943149 -8.53051729273 2.017e-10 -1.19378493053e-16 -3.55571918042e-15 -116.688920263 49.9063138988 -5.2143e-09 49.9063126347
1 13.3808394593 -11.1835740477 65.3137132158 257 -43.9004680762 -1.53318448726e-16 19.3126174105 -21.6479589479 2.017e-10 -1.04224496471e-16 -3.58298347632e-15 -15.6709845594 65.3137096029 2.4714e-09 65.3137147527
1 9.69741713373 -12.1422516478 52.9051179722 258 -48.4138774898 -1.36057203532e-16 34.5233259117 -15.9798216409 1.6127e-09 -1.07984925772e-16 -3.47609257322e-15 -174.561518568 52.9051167325 -8.5509e-09 52.9051177906
1 11.8984633754 -17.8604137002 56.6034169652 259 -86.7448759001 -2.08422519597e-16 10.2054683985 -9.49560978161 1.6127e-09 -6.25635446147e-17 -3.50256797156e-15 -162.105249158 56.6034144534 8.5509e-09 56.6034167852
1 10.8730839829 -21.1854653834 60.1384950075 260 -62.1500117509 -1.53866886827e-16 9.80884968271 -6.3886197016 1.6025e-09 -1.62621475564e-16 -3.67067246062e-15 -201.450246809 60.1384916735 1.29415e-08 60.1384948109
1 7.18751434769 -8.12837403548 51.0742723974 261 -68.9933019121 -6.02411239573e-17 35.3854956937 -14.4650747235 1.6025e-09 -8.05137259297e-17 -3.5786234938e-15 -168.195169259 51.0742713419 -1.29415e-08 51.0742722535
1 5.05369772859 -25.9262115233 55.0280091499 262 -52.4687559631 -1.37461743096e-16 9.84537567639 -14.6825037864 2.017e-10 -9.21502761958e-17 -3.55017064189e-15 -140.067052944 55.0280072624 -0.0 55.0280084676
1 12.2483810984 -23.5089031397 50.2710122604 263 -10.6913880943 4.22082171822e-17 63.1262620204 -11.3971499474 2.2929e-09 -1.16553244131e-16 -3.3887972166e-15 -183.021129897 50.2710111757 -8.7547e-09 50.2710120661
1 0.212250658175 -20.0702738652 61.5656880503 264 -62.9460565018 -1.50183701528e-16 13.6944448609 -8.4087599352 2.2929e-09 -1.5416744625e-16 -3.57634742494e-15 -191.936430027 61.5656848563 8.7547e-09 61.5656878744
1 -0.717260701404 -17.5067162498 57.9959230399 265 -15.6894670616 -1.60233111356e-16 4.50903092638 -15.3986890144 1.134e-10 -1.43137851227e-16 -3.58223617348e-15 -70.832824843 48.780342721 7.232e-10 6.06898321828
1 11.2268114523 -22.8157492295 72.1453217371 266 -83.9193610696 -1.29584355489e-16 2.19926681548 -13.9528517455 1.134e-10 -2.90458071051e-17 -3.56952232554e-15 -180.159316455 60.2867291518 -7.232e-10 108.298477622
1 9.64009407212 -23.0471944952 46.5378123207 267 -54.2726908452 -1.02147766032e-16 29.8693512284 -14.8408674276 3.175e-10 -1.55911259675e-16 -3.55378288175e-15 -118.082150154 44.3666024762 -7.6474e-09 44.3666032509
1 7.05936172499 -19.8311696034 59.4562645523 268 -44.3840245055 -9.40392246998e-17 14.0784332845 -10.9486919204 3.175e-10 -7.25074246839e-17 -3.61647861642e-15 -166.386071417 66.4217707045 7.6474e-09 59.456264554
1 6.83750553351 -19.499618811 53.7074754847 269 -38.6272806578 -1.92496593173e-16 -18.3221858615 1.33254691541 3.7561e-09 -6.53329987923e-17 -3.76423917692e-15 -208.797126454 53.7074741404 5.6726e-09 53.7074752962
1 3.50583664169 -28.956298797 61.4471188273 270 -28.1850543407 -6.20985268693e-17 7.90434203839 -7.75136673054 3.7561e-09 3.06563607277e-17 -3.5150631694e-15 -178.839384563 61.447116522 -5.6726e-09 61.4471185691
1 10.111554129 -25.5646771021 18.6175340666 271 -64.4321393793 -7.65779202961e-17 10.0575083043 -21.7053164708 6.37e-10 -2.44124277549e-16 -3.49548052364e-15 -118.847117798 41.6438025661 -7.9087e-09 41.6438035737
1 0.540867966691 -9.56935857452 64.9997885047 272 -63.9949448337 -1.34204917572e-16 36.3262068906 -16.848960175 6.37e-10 -6.45554679451e-17 -3.50239391764e-15 -143.846172629 104.330682171 7.9087e-09 64.999788211
1 7.37742183644 -4.54820265514 54.8670004964 273 -56.2813172015 -2.50538064617e-16 -31.8675599539 -2.7076258647 3.8446e-09 -1.89379008368e-16 -3.72512938195e-15 -168.453842644 54.8669986668 5.1651e-09 54.86700032
1 2.37492394033 -33.4406283258 63.3250955976 274 -32.3631014076 -1.01074436354e-18 16.6691753483 -9.56418854976 3.8446e-09 -1.28328698984e-18 -3.48751453708e-15 -167.291138061 63.3250929924 -5.1651e-09 63.3250952794
1 13.4058548366 9.24837829001 49.2010358934 275 -61.0758251406 -1.17201627399e-16 32.2440324573 -28.0147727202 4.033e-10 -1.9464038194e-16 -3.51901565283e-15 -82.001507531 49.2010435104 5.6714e-09 49.2010373948
1 11.8291298568 -30.7698882432 46.9347129179 276 -68.4140479616 -8.4022333144e-17 46.9102624226 -14.9375324887 4.033e-10 -1.96024672997e-16 -3.54127917972e-15 -158.036855447 46.9347119364 -2.9286e-09 46.9347129804
1 11.6730539481 -33.3669079084 53.3395037756 277 -63.7711472621 -1.15577273928e-16 31.7954871378 -17.2276475185 4.033e-10 -1.43141720783e-16 -3.56859391784e-15 -147.113529468 53.3395038362 -3.8429e-09 53.3395041959
1 17.6857344249 -0.396708497732 55.998053549 278 -43.9587589292 -1.00102165211e-16 43.0154185045 -25.7154188574 4.033e-10 -1.82855778504e-16 -3.52361563806e-15 -44.1643710506 55.9980556452 4.7571e-09 55.9980540997
1 14.0098800069 -17.2801976232 46.9130159197 279 -74.3106942993 -1.61451169889e-16 29.9197431528 -11.2992242618 4.033e-10 -1.68925181771e-16 -3.55677674086e-15 -139.935724987 46.913016512 -4.7571e-09 46.913016288
1 32.3242083144 -0.162869860658 63.1448764499 280 -39.9806710235 -1.10780843921e-16 42.4281082054 -23.7052081655 4.033e-10 -2.0316880435e-16 -3.55370601787e-15 -35.6401333378 63.1448703197 3.8429e-09 63.144875555
1 13.2757895588 -26.9603947734 52.4562489616 281 -75.574376545 -1.39880927967e-16 36.6593435015 -7.1984735492 4.033e-10 -1.76702782512e-16 -3.5456323868e-15 -83.7900237587 52.4562501889 -5.6714e-09 52.4562493323
1 26.0144536029 -20.2711301248 70.2066868476 282 -23.2912010463 -1.26341614195e-16 34.9934340906 -19.5836985707 4.033e-10 -1.0371195045e-16 -3.56516910844e-15 -33.079180882 70.2066699039 2.9286e-09 70.2066835978
1 3.65883952291 -11.8293154553 62.0465631487 283 -14.7173846737 -1.54970337816e-16 14.6885763466 -25.0698909951 3.151e-10 -1.6080460947e-16 -3.5898934315e-15 -50.8405891155 43.560531866 9.676e-10 49.590624335
1 10.2714806697 -34.7296069092 62.6513248832 284 -70.6429172593 -8.61481776589e-17 29.2496904236 -15.140242878 3.151e-10 -1.06682997105e-16 -3.53803364471e-15 -155.696152106 59.6239119795 -9.676e-10 86.4379213539
1 5.87740999564 -23.0284416343 62.9284079202 285 -49.3454808784 -1.34759558018e-16 22.8800726784 -19.1577951688 4.353e-10 -7.5380259338e-17 -3.54250575846e-15 -143.172522119 62.9284056765 8.2148e-09 62.9284077078
1 13.3214439188 -22.9208067595 46.7916365666 286 -39.0910847844 -8.84403452857e-17 24.568793449 -18.5068588459 4.353e-10 -1.93384525693e-16 -3.45194231486e-15 -140.912231418 46.7916356246 -8.2148e-09 46.7916363602
1 4.96742665945 -26.512651591 54.2278205451 287 -52.0405143207 -1.31221592822e-16 11.0534913754 -16.1164003735 3.151e-10 -1.06241966507e-16 -3.57086396008e-15 -140.925830229 54.2278186185 3.565e-10 54.2278198079
1 5.33136361461 -25.7591040657 57.9367279205 288 -52.3684293663 -1.40547825087e-16 8.75266469994 -14.0097648841 3.151e-10 -1.05747011618e-16 -3.53835526905e-15 -139.958151163 57.9367256194 -3.565e-10 57.9367272936
1 5.71561224823 -23.9653663584 55.1815022045 289 -61.1375050056 -9.86465035512e-17 46.8178884157 -18.415970765 4.033e-10 -1.45736213014e-16 -3.54202226589e-15 -144.125877189 55.1815003796 -2.0659e-09 55.1815022192
1 17.4732810053 1.53807510905 50.6580146535 290 -33.2056813226 -1.23115627053e-16 64.5304087805 -32.7904052648 4.033e-10 -1.60972139894e-16 -3.51719010505e-15 -148.435340878 50.6580066564 6.5341e-09 50.658013911
1 15.124108569 -11.8776256057 66.5908308021 291 -74.7436200242 -1.46432573334e-16 29.7396159609 -15.095242044 4.033e-10 -1.38390863014e-16 -3.57473522138e-15 -71.1197401974 66.590884152 2.0659e-09 66.5908533652
1 7.93291144354 -24.7387044565 54.3800288974 292 -68.259685957 -1.10995958136e-16 62.3143984241 -15.1547389503 4.033e-10 -1.58705170195e-16 -3.5515977836e-15 -88.9318276738 54.3800284033 -6.5341e-09 54.380028537
