0.228610914781
0.428339574359
0.153452417297
0.102930069487
0.802195527721
1.3206688829
2.73786345528
5.46548680271
8.30607131499
6.58036955508
3.61964300051
1.29116448078
0.0475214639288
0.141105692128
0.561218244596
0.362319532241
-0.0253625388073
0.0351885005172
0.014038400525
0.503110076261
0.196220460822
0.43506799763
0.264501533691
0.0560540467298
0.0419386412926
0.384807832708
0.190256881035
0.506137619234
-0.128524246129
0.418550869826
0.567786750188
0.556657283358
0.552059264533
0.0843801188953
0.264321435793
0.111537171907
0.0340935250165
-0.768878905005
-3.44119540481
-6.41327504672
-7.851991403
-5.47224565657
-2.5477852725
-1.18985501196
-0.694572162523
-0.0809059269914
-0.0910099169553
-0.457497815579
-0.235158846617