3.271982618
3.28219813021
3.22717908524
3.2285393996
3.26166690433
3.22889186424
3.24298113312
3.28468555551
3.29330380051
3.24800946253
3.24285169059
3.22293132756
3.22240105967
3.30676508734
3.31664819799
3.29868206008
3.28764085435
3.32194423243
3.30970124898
3.31508170004
3.29568237153
3.31743354613
3.27971420675
3.31419363158
3.32641336032
3.31372892531
3.35840684183
3.3262122062
3.33435345615
3.31471170352
3.32618065108
3.31412331598
3.33504998694
3.3303045584
3.3133493547
3.3253618033
3.3202059531
3.33408689138
3.4389721189
3.48247514634
3.38741017315
3.36799867031
3.27247800841
3.31109681039
3.37388933535
3.18072880627
3.28803061532
2.10475099474
-1.36295628764