0.0141281770927
0.0547277821493
0.0906825846446
0.106527047628
0.162463898853
0.293657128913
0.544474827907
1.05144268335
1.902526334
2.82250984876
3.45287163123
3.75636001817
3.83909094165
3.85074811851
3.8941518071
3.95122653285
3.97205050829
3.9726577537
3.97569998104
4.00765980794
4.05087850414
4.08989219316
4.13312565923
4.15293602574
4.15899198353
4.18536495773
4.22090401379
4.26394126262
4.28727780634
4.30520148031
4.36615724256
4.43564799479
4.50416678686
4.54349880356
4.56504859405
4.58827669309
4.59727668453
4.55186687554
4.29168386774
3.6826766214
2.80108174712
1.97764258201
1.48200387918
1.25101734077
1.13455955543
1.08663493298
1.07601051686
1.04211268486
0.999306434785